  0.00000000E+00   0.50325265E+01   0.10119794E+03   0.97397538E+01   0.19871851E+00   0.44997923E+03   0.15000000E+01
  0.20000000E-01   0.50319804E+01   0.10147564E+03   0.97383377E+01   0.19926750E+00   0.44996263E+03   0.14960574E+01
  0.40000000E-01   0.50303236E+01   0.10231371E+03   0.97340413E+01   0.20092446E+00   0.44991225E+03   0.14842916E+01
  0.60000000E-01   0.50274993E+01   0.10372716E+03   0.97267185E+01   0.20371965E+00   0.44982635E+03   0.14648882E+01
  0.80000000E-01   0.50234093E+01   0.10574144E+03   0.97161166E+01   0.20770443E+00   0.44970189E+03   0.14381533E+01
  0.10000000E+00   0.50179085E+01   0.10839316E+03   0.97018623E+01   0.21295278E+00   0.44953440E+03   0.14045085E+01
  0.12000000E+00   0.50107966E+01   0.11173100E+03   0.96834412E+01   0.21956333E+00   0.44931768E+03   0.13644843E+01
  0.14000000E+00   0.50018066E+01   0.11581696E+03   0.96601681E+01   0.22766216E+00   0.44904343E+03   0.13187120E+01
  0.16000000E+00   0.49905893E+01   0.12072788E+03   0.96311488E+01   0.23740619E+00   0.44870078E+03   0.12679134E+01
  0.18000000E+00   0.49766927E+01   0.12655721E+03   0.95952291E+01   0.24898732E+00   0.44827558E+03   0.12128896E+01
  0.20000000E+00   0.49595361E+01   0.13341689E+03   0.95509300E+01   0.26263712E+00   0.44774955E+03   0.11545085E+01
  0.22000000E+00   0.49383767E+01   0.14143936E+03   0.94963671E+01   0.27863216E+00   0.44709914E+03   0.10936907E+01
  0.24000000E+00   0.49122690E+01   0.15077930E+03   0.94291537E+01   0.29729940E+00   0.44629408E+03   0.10313953E+01
  0.26000000E+00   0.48800164E+01   0.16161480E+03   0.93462880E+01   0.31902138E+00   0.44529563E+03   0.96860474E+00
  0.28000000E+00   0.48401175E+01   0.17414726E+03   0.92440344E+01   0.34424006E+00   0.44405443E+03   0.90630934E+00
  0.30000000E+00   0.47907122E+01   0.18859912E+03   0.91178144E+01   0.37345815E+00   0.44250810E+03   0.84549150E+00
  0.32000000E+00   0.47295387E+01   0.20520814E+03   0.89621418E+01   0.40723554E+00   0.44057879E+03   0.78711035E+00
  0.34000000E+00   0.46539225E+01   0.22421641E+03   0.87706606E+01   0.44617827E+00   0.43817108E+03   0.73208660E+00
  0.36000000E+00   0.45608288E+01   0.24585242E+03   0.85363712E+01   0.49091616E+00   0.43517114E+03   0.68128801E+00
  0.38000000E+00   0.44470222E+01   0.27030459E+03   0.82521574E+01   0.54206570E+00   0.43144830E+03   0.63551569E+00
  0.40000000E+00   0.43093829E+01   0.29768595E+03   0.79117191E+01   0.60017521E+00   0.42686086E+03   0.59549150E+00
  0.42000000E+00   0.41454086E+01   0.32799245E+03   0.75109504E+01   0.66565267E+00   0.42126764E+03   0.56184666E+00
  0.44000000E+00   0.39538793E+01   0.36106143E+03   0.70496249E+01   0.73868179E+00   0.41454641E+03   0.53511176E+00
  0.46000000E+00   0.37355658E+01   0.39654126E+03   0.65329932E+01   0.81913990E+00   0.40661779E+03   0.51570842E+00
  0.48000000E+00   0.34937574E+01   0.43388550E+03   0.59726480E+01   0.90653725E+00   0.39747035E+03   0.50394265E+00
  0.50000000E+00   0.32344110E+01   0.47237162E+03   0.53861719E+01   0.99997441E+00   0.38718237E+03   0.50000000E+00
  0.52000000E+00   0.29652570E+01   0.51121731E+03   0.47942224E+01   0.10983107E+01   0.37591218E+03   0.50394265E+00
  0.54000000E+00   0.26954154E+01   0.54956500E+03   0.42188404E+01   0.12000048E+01   0.36391331E+03   0.51570842E+00
  0.56000000E+00   0.24333679E+01   0.58667384E+03   0.36785196E+01   0.13035019E+01   0.35147614E+03   0.53511176E+00
  0.58000000E+00   0.21861796E+01   0.62193552E+03   0.31866449E+01   0.14072428E+01   0.33890532E+03   0.56184666E+00
  0.60000000E+00   0.19587828E+01   0.65491833E+03   0.27505292E+01   0.15098012E+01   0.32648297E+03   0.59549150E+00
  0.62000000E+00   0.17538775E+01   0.68536745E+03   0.23719943E+01   0.16099555E+01   0.31444518E+03   0.63551569E+00
  0.64000000E+00   0.15722383E+01   0.71318118E+03   0.20487515E+01   0.17067190E+01   0.30297127E+03   0.68128801E+00
  0.66000000E+00   0.14132179E+01   0.73837570E+03   0.17759670E+01   0.17993354E+01   0.29218392E+03   0.73208660E+00
  0.68000000E+00   0.12752669E+01   0.76104843E+03   0.15476049E+01   0.18872542E+01   0.28215618E+03   0.78711035E+00
  0.70000000E+00   0.11563686E+01   0.78134609E+03   0.13573870E+01   0.19700958E+01   0.27292162E+03   0.84549150E+00
  0.72000000E+00   0.10543545E+01   0.79944002E+03   0.11993799E+01   0.20476156E+01   0.26448477E+03   0.90630934E+00
  0.74000000E+00   0.96710540E+00   0.81550870E+03   0.10682909E+01   0.21196704E+01   0.25683032E+03   0.96860474E+00
  0.76000000E+00   0.89266597E+00   0.82972636E+03   0.95957268E+00   0.21861907E+01   0.24993061E+03   0.10313953E+01
  0.78000000E+00   0.82929743E+00   0.84225613E+03   0.86941368E+00   0.22471585E+01   0.24375117E+03   0.10936907E+01
  0.80000000E+00   0.77549213E+00   0.85324642E+03   0.79467280E+00   0.23025899E+01   0.23825472E+03   0.11545085E+01
  0.82000000E+00   0.24980318E+01   0.25213303E+03   0.46655818E+01   0.50399175E+00   0.43424858E+03   0.12128896E+01
  0.84000000E+00   0.25331189E+01   0.23785037E+03   0.47536042E+01   0.47431592E+00   0.43631284E+03   0.12679134E+01
  0.86000000E+00   0.25603102E+01   0.22625931E+03   0.48221043E+01   0.45038306E+00   0.43789963E+03   0.13187120E+01
  0.88000000E+00   0.25814540E+01   0.21687828E+03   0.48755410E+01   0.43110638E+00   0.43912584E+03   0.13644843E+01
  0.90000000E+00   0.25978066E+01   0.20937162E+03   0.49169713E+01   0.41573825E+00   0.44006965E+03   0.14045085E+01
  0.92000000E+00   0.26102429E+01   0.20349928E+03   0.49485388E+01   0.40374992E+00   0.44078480E+03   0.14381533E+01
  0.94000000E+00   0.26193757E+01   0.19908875E+03   0.49717534E+01   0.39476480E+00   0.44130856E+03   0.14648882E+01
  0.96000000E+00   0.26256275E+01   0.19601832E+03   0.49876608E+01   0.38851909E+00   0.44166640E+03   0.14842916E+01
  0.98000000E+00   0.26292746E+01   0.19420697E+03   0.49969467E+01   0.38483806E+00   0.44187489E+03   0.14960574E+01
  0.10000000E+01   0.26304735E+01   0.19360823E+03   0.50000000E+01   0.38362188E+00   0.44194338E+03   0.15000000E+01
