  0.00000000E+00   0.50325265E+01   0.10119794E+03   0.97397538E+01   0.19871851E+00   0.44997923E+03   0.15000000E+01
  0.40000000E-01   0.50303236E+01   0.10231371E+03   0.97340413E+01   0.20092446E+00   0.44991225E+03   0.14842916E+01
  0.80000000E-01   0.50234093E+01   0.10574144E+03   0.97161166E+01   0.20770443E+00   0.44970189E+03   0.14381533E+01
  0.12000000E+00   0.50107966E+01   0.11173100E+03   0.96834412E+01   0.21956333E+00   0.44931768E+03   0.13644843E+01
  0.16000000E+00   0.49905893E+01   0.12072788E+03   0.96311488E+01   0.23740619E+00   0.44870078E+03   0.12679134E+01
  0.20000000E+00   0.49595361E+01   0.13341689E+03   0.95509300E+01   0.26263712E+00   0.44774955E+03   0.11545085E+01
  0.24000000E+00   0.49122690E+01   0.15077930E+03   0.94291537E+01   0.29729940E+00   0.44629408E+03   0.10313953E+01
  0.28000000E+00   0.48401175E+01   0.17414726E+03   0.92440344E+01   0.34424006E+00   0.44405443E+03   0.90630934E+00
  0.32000000E+00   0.47295387E+01   0.20520814E+03   0.89621418E+01   0.40723554E+00   0.44057879E+03   0.78711035E+00
  0.36000000E+00   0.45608288E+01   0.24585242E+03   0.85363712E+01   0.49091616E+00   0.43517114E+03   0.68128801E+00
  0.40000000E+00   0.43093829E+01   0.29768595E+03   0.79117191E+01   0.60017521E+00   0.42686086E+03   0.59549150E+00
  0.44000000E+00   0.39538793E+01   0.36106143E+03   0.70496249E+01   0.73868179E+00   0.41454641E+03   0.53511176E+00
  0.48000000E+00   0.34937574E+01   0.43388550E+03   0.59726480E+01   0.90653725E+00   0.39747035E+03   0.50394265E+00
  0.52000000E+00   0.29652570E+01   0.51121731E+03   0.47942224E+01   0.10983107E+01   0.37591218E+03   0.50394265E+00
  0.56000000E+00   0.24333679E+01   0.58667384E+03   0.36785196E+01   0.13035019E+01   0.35147614E+03   0.53511176E+00
  0.60000000E+00   0.19587828E+01   0.65491833E+03   0.27505292E+01   0.15098012E+01   0.32648297E+03   0.59549150E+00
  0.64000000E+00   0.15722383E+01   0.71318118E+03   0.20487515E+01   0.17067190E+01   0.30297127E+03   0.68128801E+00
  0.68000000E+00   0.12752669E+01   0.76104843E+03   0.15476049E+01   0.18872542E+01   0.28215618E+03   0.78711035E+00
  0.72000000E+00   0.10543545E+01   0.79944002E+03   0.11993799E+01   0.20476156E+01   0.26448477E+03   0.90630934E+00
  0.76000000E+00   0.89266597E+00   0.82972636E+03   0.95957268E+00   0.21861907E+01   0.24993061E+03   0.10313953E+01
  0.80000000E+00   0.77549213E+00   0.85324642E+03   0.79467280E+00   0.23025899E+01   0.23825472E+03   0.11545085E+01
  0.84000000E+00   0.25331189E+01   0.23785037E+03   0.47536042E+01   0.47431592E+00   0.43631284E+03   0.12679134E+01
  0.88000000E+00   0.25814540E+01   0.21687828E+03   0.48755410E+01   0.43110638E+00   0.43912584E+03   0.13644843E+01
  0.92000000E+00   0.26102429E+01   0.20349928E+03   0.49485388E+01   0.40374992E+00   0.44078480E+03   0.14381533E+01
  0.96000000E+00   0.26256275E+01   0.19601832E+03   0.49876608E+01   0.38851909E+00   0.44166640E+03   0.14842916E+01
  0.10000000E+01   0.26304735E+01   0.19360823E+03   0.50000000E+01   0.38362188E+00   0.44194338E+03   0.15000000E+01
