  0.00000000E+00   0.50325265E+01   0.10119794E+03   0.97397538E+01   0.19871851E+00   0.44997923E+03   0.15000000E+01
  0.50000000E-02   0.50324925E+01   0.10121527E+03   0.97396656E+01   0.19875277E+00   0.44997819E+03   0.14997533E+01
  0.10000000E-01   0.50323903E+01   0.10126729E+03   0.97394005E+01   0.19885560E+00   0.44997509E+03   0.14990134E+01
  0.15000000E-01   0.50322197E+01   0.10135405E+03   0.97389582E+01   0.19902711E+00   0.44996990E+03   0.14977810E+01
  0.20000000E-01   0.50319804E+01   0.10147564E+03   0.97383377E+01   0.19926750E+00   0.44996263E+03   0.14960574E+01
  0.25000000E-01   0.50316719E+01   0.10163221E+03   0.97375376E+01   0.19957704E+00   0.44995325E+03   0.14938442E+01
  0.30000000E-01   0.50312935E+01   0.10182393E+03   0.97365563E+01   0.19995608E+00   0.44994174E+03   0.14911436E+01
  0.35000000E-01   0.50308444E+01   0.10205102E+03   0.97353917E+01   0.20040505E+00   0.44992808E+03   0.14879584E+01
  0.40000000E-01   0.50303236E+01   0.10231371E+03   0.97340413E+01   0.20092446E+00   0.44991225E+03   0.14842916E+01
  0.45000000E-01   0.50297301E+01   0.10261232E+03   0.97325023E+01   0.20151492E+00   0.44989420E+03   0.14801468E+01
  0.50000000E-01   0.50290625E+01   0.10294717E+03   0.97307714E+01   0.20217708E+00   0.44987390E+03   0.14755283E+01
  0.55000000E-01   0.50283195E+01   0.10331865E+03   0.97288449E+01   0.20291171E+00   0.44985129E+03   0.14704404E+01
  0.60000000E-01   0.50274993E+01   0.10372716E+03   0.97267185E+01   0.20371965E+00   0.44982635E+03   0.14648882E+01
  0.65000000E-01   0.50266003E+01   0.10417317E+03   0.97243879E+01   0.20460183E+00   0.44979899E+03   0.14588773E+01
  0.70000000E-01   0.50256204E+01   0.10465718E+03   0.97218478E+01   0.20555927E+00   0.44976918E+03   0.14524135E+01
  0.75000000E-01   0.50245575E+01   0.10517974E+03   0.97190927E+01   0.20659307E+00   0.44973684E+03   0.14455033E+01
  0.80000000E-01   0.50234093E+01   0.10574144E+03   0.97161166E+01   0.20770443E+00   0.44970189E+03   0.14381533E+01
  0.85000000E-01   0.50221731E+01   0.10634293E+03   0.97129129E+01   0.20889465E+00   0.44966426E+03   0.14303710E+01
  0.90000000E-01   0.50208463E+01   0.10698488E+03   0.97094746E+01   0.21016510E+00   0.44962387E+03   0.14221640E+01
  0.95000000E-01   0.50194258E+01   0.10766803E+03   0.97057938E+01   0.21151728E+00   0.44958061E+03   0.14135403E+01
  0.10000000E+00   0.50179085E+01   0.10839316E+03   0.97018623E+01   0.21295278E+00   0.44953440E+03   0.14045085E+01
  0.10500000E+00   0.50162907E+01   0.10916112E+03   0.96976713E+01   0.21447328E+00   0.44948512E+03   0.13950775E+01
  0.11000000E+00   0.50145689E+01   0.10997277E+03   0.96932110E+01   0.21608058E+00   0.44943266E+03   0.13852566E+01
  0.11500000E+00   0.50127389E+01   0.11082907E+03   0.96884713E+01   0.21777659E+00   0.44937689E+03   0.13750555E+01
  0.12000000E+00   0.50107966E+01   0.11173100E+03   0.96834412E+01   0.21956333E+00   0.44931768E+03   0.13644843E+01
  0.12500000E+00   0.50087373E+01   0.11267962E+03   0.96781088E+01   0.22144294E+00   0.44925488E+03   0.13535534E+01
  0.13000000E+00   0.50065560E+01   0.11367603E+03   0.96724616E+01   0.22341767E+00   0.44918835E+03   0.13422736E+01
  0.13500000E+00   0.50042477E+01   0.11472140E+03   0.96664861E+01   0.22548991E+00   0.44911793E+03   0.13306559E+01
  0.14000000E+00   0.50018066E+01   0.11581696E+03   0.96601681E+01   0.22766216E+00   0.44904343E+03   0.13187120E+01
  0.14500000E+00   0.49992268E+01   0.11696399E+03   0.96534922E+01   0.22993707E+00   0.44896467E+03   0.13064535E+01
  0.15000000E+00   0.49965019E+01   0.11816387E+03   0.96464421E+01   0.23231741E+00   0.44888145E+03   0.12938926E+01
  0.15500000E+00   0.49936252E+01   0.11941800E+03   0.96390005E+01   0.23480609E+00   0.44879356E+03   0.12810417E+01
  0.16000000E+00   0.49905893E+01   0.12072788E+03   0.96311488E+01   0.23740619E+00   0.44870078E+03   0.12679134E+01
  0.16500000E+00   0.49873866E+01   0.12209507E+03   0.96228675E+01   0.24012092E+00   0.44860285E+03   0.12545207E+01
  0.17000000E+00   0.49840088E+01   0.12352120E+03   0.96141355E+01   0.24295363E+00   0.44849953E+03   0.12408768E+01
  0.17500000E+00   0.49804473E+01   0.12500799E+03   0.96049306E+01   0.24590787E+00   0.44839054E+03   0.12269952E+01
  0.18000000E+00   0.49766927E+01   0.12655721E+03   0.95952291E+01   0.24898732E+00   0.44827558E+03   0.12128896E+01
  0.18500000E+00   0.49727351E+01   0.12817072E+03   0.95850059E+01   0.25219584E+00   0.44815435E+03   0.11985739E+01
  0.19000000E+00   0.49685641E+01   0.12985048E+03   0.95742342E+01   0.25553747E+00   0.44802650E+03   0.11840623E+01
  0.19500000E+00   0.49641684E+01   0.13159850E+03   0.95628856E+01   0.25901642E+00   0.44789170E+03   0.11693690E+01
  0.20000000E+00   0.49595361E+01   0.13341689E+03   0.95509300E+01   0.26263712E+00   0.44774955E+03   0.11545085E+01
  0.20500000E+00   0.49546547E+01   0.13530784E+03   0.95383353E+01   0.26640414E+00   0.44759967E+03   0.11394956E+01
  0.21000000E+00   0.49495106E+01   0.13727365E+03   0.95250677E+01   0.27032229E+00   0.44744161E+03   0.11243449E+01
  0.21500000E+00   0.49440897E+01   0.13931666E+03   0.95110910E+01   0.27439656E+00   0.44727493E+03   0.11090716E+01
  0.22000000E+00   0.49383767E+01   0.14143936E+03   0.94963671E+01   0.27863216E+00   0.44709914E+03   0.10936907E+01
  0.22500000E+00   0.49323558E+01   0.14364428E+03   0.94808556E+01   0.28303449E+00   0.44691373E+03   0.10782172E+01
  0.23000000E+00   0.49260097E+01   0.14593407E+03   0.94645136E+01   0.28760920E+00   0.44671814E+03   0.10626666E+01
  0.23500000E+00   0.49193205E+01   0.14831147E+03   0.94472956E+01   0.29236215E+00   0.44651180E+03   0.10470542E+01
  0.24000000E+00   0.49122690E+01   0.15077930E+03   0.94291537E+01   0.29729940E+00   0.44629408E+03   0.10313953E+01
  0.24500000E+00   0.49048350E+01   0.15334049E+03   0.94100371E+01   0.30242729E+00   0.44606433E+03   0.10157054E+01
  0.25000000E+00   0.48969969E+01   0.15599805E+03   0.93898923E+01   0.30775235E+00   0.44582184E+03   0.10000000E+01
  0.25500000E+00   0.48887320E+01   0.15875509E+03   0.93686625E+01   0.31328137E+00   0.44556587E+03   0.98429462E+00
  0.26000000E+00   0.48800164E+01   0.16161480E+03   0.93462880E+01   0.31902138E+00   0.44529563E+03   0.96860474E+00
  0.26500000E+00   0.48708246E+01   0.16458046E+03   0.93227059E+01   0.32497963E+00   0.44501029E+03   0.95294584E+00
  0.27000000E+00   0.48611300E+01   0.16765545E+03   0.92978500E+01   0.33116363E+00   0.44470894E+03   0.93733338E+00
  0.27500000E+00   0.48509042E+01   0.17084321E+03   0.92716506E+01   0.33758111E+00   0.44439065E+03   0.92178277E+00
  0.28000000E+00   0.48401175E+01   0.17414726E+03   0.92440344E+01   0.34424006E+00   0.44405443E+03   0.90630934E+00
  0.28500000E+00   0.48287386E+01   0.17757119E+03   0.92149249E+01   0.35114869E+00   0.44369921E+03   0.89092838E+00
  0.29000000E+00   0.48167347E+01   0.18111867E+03   0.91842416E+01   0.35831544E+00   0.44332388E+03   0.87565506E+00
  0.29500000E+00   0.48040713E+01   0.18479339E+03   0.91519006E+01   0.36574897E+00   0.44292726E+03   0.86050445E+00
  0.30000000E+00   0.47907122E+01   0.18859912E+03   0.91178144E+01   0.37345815E+00   0.44250810E+03   0.84549150E+00
  0.30500000E+00   0.47766196E+01   0.19253965E+03   0.90818918E+01   0.38145205E+00   0.44206509E+03   0.83063104E+00
  0.31000000E+00   0.47617541E+01   0.19661879E+03   0.90440380E+01   0.38973994E+00   0.44159685E+03   0.81593772E+00
  0.31500000E+00   0.47460747E+01   0.20084035E+03   0.90041551E+01   0.39833124E+00   0.44110193E+03   0.80142605E+00
  0.32000000E+00   0.47295387E+01   0.20520814E+03   0.89621418E+01   0.40723554E+00   0.44057879E+03   0.78711035E+00
  0.32500000E+00   0.47121018E+01   0.20972595E+03   0.89178938E+01   0.41646255E+00   0.44002585E+03   0.77300475E+00
  0.33000000E+00   0.46937184E+01   0.21439750E+03   0.88713041E+01   0.42602208E+00   0.43944142E+03   0.75912316E+00
  0.33500000E+00   0.46743414E+01   0.21922647E+03   0.88222634E+01   0.43592401E+00   0.43882377E+03   0.74547929E+00
  0.34000000E+00   0.46539225E+01   0.22421641E+03   0.87706606E+01   0.44617827E+00   0.43817108E+03   0.73208660E+00
  0.34500000E+00   0.46324124E+01   0.22937077E+03   0.87163831E+01   0.45679478E+00   0.43748146E+03   0.71895831E+00
  0.35000000E+00   0.46097607E+01   0.23469286E+03   0.86593177E+01   0.46778342E+00   0.43675295E+03   0.70610737E+00
  0.35500000E+00   0.45859166E+01   0.24018577E+03   0.85993512E+01   0.47915399E+00   0.43598354E+03   0.69354647E+00
  0.36000000E+00   0.45608288E+01   0.24585242E+03   0.85363712E+01   0.49091616E+00   0.43517114E+03   0.68128801E+00
  0.36500000E+00   0.45344460E+01   0.25169544E+03   0.84702673E+01   0.50307937E+00   0.43431361E+03   0.66934407E+00
  0.37000000E+00   0.45067172E+01   0.25771719E+03   0.84009318E+01   0.51565283E+00   0.43340878E+03   0.65772645E+00
  0.37500000E+00   0.44775923E+01   0.26391969E+03   0.83282612E+01   0.52864545E+00   0.43245443E+03   0.64644661E+00
  0.38000000E+00   0.44470222E+01   0.27030459E+03   0.82521574E+01   0.54206570E+00   0.43144830E+03   0.63551569E+00
  0.38500000E+00   0.44149596E+01   0.27687315E+03   0.81725290E+01   0.55592162E+00   0.43038814E+03   0.62494447E+00
  0.39000000E+00   0.43813597E+01   0.28362612E+03   0.80892932E+01   0.57022072E+00   0.42927167E+03   0.61474338E+00
  0.39500000E+00   0.43461803E+01   0.29056381E+03   0.80023770E+01   0.58496986E+00   0.42809665E+03   0.60492249E+00
  0.40000000E+00   0.43093829E+01   0.29768595E+03   0.79117191E+01   0.60017521E+00   0.42686086E+03   0.59549150E+00
  0.40500000E+00   0.42709334E+01   0.30499169E+03   0.78172715E+01   0.61584216E+00   0.42556211E+03   0.58645971E+00
  0.41000000E+00   0.42308025E+01   0.31247957E+03   0.77190016E+01   0.63197519E+00   0.42419831E+03   0.57783604E+00
  0.41500000E+00   0.41889666E+01   0.32014743E+03   0.76168936E+01   0.64857787E+00   0.42276745E+03   0.56962899E+00
  0.42000000E+00   0.41454086E+01   0.32799245E+03   0.75109504E+01   0.66565267E+00   0.42126764E+03   0.56184666E+00
  0.42500000E+00   0.41001187E+01   0.33601106E+03   0.74011951E+01   0.68320095E+00   0.41969712E+03   0.55449674E+00
  0.43000000E+00   0.40530946E+01   0.34419896E+03   0.72876729E+01   0.70122289E+00   0.41805430E+03   0.54758647E+00
  0.43500000E+00   0.40043429E+01   0.35255103E+03   0.71704520E+01   0.71971733E+00   0.41633779E+03   0.54112269E+00
  0.44000000E+00   0.39538793E+01   0.36106143E+03   0.70496249E+01   0.73868179E+00   0.41454641E+03   0.53511176E+00
  0.44500000E+00   0.39017291E+01   0.36972348E+03   0.69253093E+01   0.75811239E+00   0.41267924E+03   0.52955962E+00
  0.45000000E+00   0.38479277E+01   0.37852973E+03   0.67976485E+01   0.77800377E+00   0.41073560E+03   0.52447174E+00
  0.45500000E+00   0.37925211E+01   0.38747198E+03   0.66668115E+01   0.79834906E+00   0.40871514E+03   0.51985316E+00
  0.46000000E+00   0.37355658E+01   0.39654126E+03   0.65329932E+01   0.81913990E+00   0.40661779E+03   0.51570842E+00
  0.46500000E+00   0.36771289E+01   0.40572791E+03   0.63964132E+01   0.84036635E+00   0.40444383E+03   0.51204162E+00
  0.47000000E+00   0.36172883E+01   0.41502156E+03   0.62573151E+01   0.86201696E+00   0.40219388E+03   0.50885637E+00
  0.47500000E+00   0.35561318E+01   0.42441127E+03   0.61159646E+01   0.88407874E+00   0.39986894E+03   0.50615583E+00
  0.48000000E+00   0.34937574E+01   0.43388550E+03   0.59726480E+01   0.90653725E+00   0.39747035E+03   0.50394265E+00
  0.48500000E+00   0.34302720E+01   0.44343226E+03   0.58276694E+01   0.92937655E+00   0.39499983E+03   0.50221902E+00
  0.49000000E+00   0.33657910E+01   0.45303912E+03   0.56813484E+01   0.95257937E+00   0.39245949E+03   0.50098664E+00
  0.49500000E+00   0.33004374E+01   0.46269334E+03   0.55340166E+01   0.97612710E+00   0.38985177E+03   0.50024672E+00
  0.50000000E+00   0.32344110E+01   0.47237162E+03   0.53861719E+01   0.99997441E+00   0.38718237E+03   0.50000000E+00
  0.50500000E+00   0.31676341E+01   0.48209180E+03   0.52376871E+01   0.10241771E+01   0.38444578E+03   0.50024672E+00
  0.51000000E+00   0.31004574E+01   0.49180971E+03   0.50893834E+01   0.10486366E+01   0.38165412E+03   0.50098664E+00
  0.51500000E+00   0.30329509E+01   0.50152255E+03   0.49414483E+01   0.10733556E+01   0.37880825E+03   0.50221902E+00
  0.52000000E+00   0.29652570E+01   0.51121731E+03   0.47942224E+01   0.10983107E+01   0.37591218E+03   0.50394265E+00
  0.52500000E+00   0.28975175E+01   0.52088120E+03   0.46480370E+01   0.11234779E+01   0.37297014E+03   0.50615583E+00
  0.53000000E+00   0.28298730E+01   0.53050177E+03   0.45032116E+01   0.11488326E+01   0.36998657E+03   0.50885637E+00
  0.53500000E+00   0.27624611E+01   0.54006691E+03   0.43600504E+01   0.11743498E+01   0.36696606E+03   0.51204162E+00
  0.54000000E+00   0.26954154E+01   0.54956500E+03   0.42188404E+01   0.12000048E+01   0.36391331E+03   0.51570842E+00
  0.54500000E+00   0.26288645E+01   0.55898494E+03   0.40798485E+01   0.12257723E+01   0.36083312E+03   0.51985316E+00
  0.55000000E+00   0.25629307E+01   0.56831622E+03   0.39433201E+01   0.12516274E+01   0.35773030E+03   0.52447174E+00
  0.55500000E+00   0.24977293E+01   0.57754892E+03   0.38094776E+01   0.12775454E+01   0.35460971E+03   0.52955962E+00
  0.56000000E+00   0.24333679E+01   0.58667384E+03   0.36785196E+01   0.13035019E+01   0.35147614E+03   0.53511176E+00
  0.56500000E+00   0.23699461E+01   0.59568242E+03   0.35506200E+01   0.13294730E+01   0.34833433E+03   0.54112269E+00
  0.57000000E+00   0.23075545E+01   0.60456684E+03   0.34259283E+01   0.13554352E+01   0.34518894E+03   0.54758647E+00
  0.57500000E+00   0.22462747E+01   0.61332000E+03   0.33045695E+01   0.13813659E+01   0.34204447E+03   0.55449674E+00
  0.58000000E+00   0.21861796E+01   0.62193552E+03   0.31866449E+01   0.14072428E+01   0.33890532E+03   0.56184666E+00
  0.58500000E+00   0.21273326E+01   0.63040772E+03   0.30722324E+01   0.14330449E+01   0.33577568E+03   0.56962899E+00
  0.59000000E+00   0.20697883E+01   0.63873166E+03   0.29613885E+01   0.14587515E+01   0.33265957E+03   0.57783604E+00
  0.59500000E+00   0.20135926E+01   0.64690307E+03   0.28541487E+01   0.14843432E+01   0.32956080E+03   0.58645971E+00
  0.60000000E+00   0.19587828E+01   0.65491833E+03   0.27505292E+01   0.15098012E+01   0.32648297E+03   0.59549150E+00
  0.60500000E+00   0.19053882E+01   0.66277449E+03   0.26505287E+01   0.15351078E+01   0.32342947E+03   0.60492249E+00
  0.61000000E+00   0.18534306E+01   0.67046916E+03   0.25541296E+01   0.15602461E+01   0.32040343E+03   0.61474338E+00
  0.61500000E+00   0.18029244E+01   0.67800057E+03   0.24612998E+01   0.15852004E+01   0.31740777E+03   0.62494447E+00
  0.62000000E+00   0.17538775E+01   0.68536745E+03   0.23719943E+01   0.16099555E+01   0.31444518E+03   0.63551569E+00
  0.62500000E+00   0.17062916E+01   0.69256904E+03   0.22861568E+01   0.16344976E+01   0.31151812E+03   0.64644661E+00
  0.63000000E+00   0.16601631E+01   0.69960505E+03   0.22037213E+01   0.16588136E+01   0.30862881E+03   0.65772645E+00
  0.63500000E+00   0.16154831E+01   0.70647559E+03   0.21246133E+01   0.16828912E+01   0.30577926E+03   0.66934407E+00
  0.64000000E+00   0.15722383E+01   0.71318118E+03   0.20487515E+01   0.17067190E+01   0.30297127E+03   0.68128801E+00
  0.64500000E+00   0.15304116E+01   0.71972267E+03   0.19760489E+01   0.17302867E+01   0.30020644E+03   0.69354647E+00
  0.65000000E+00   0.14899822E+01   0.72610125E+03   0.19064142E+01   0.17535844E+01   0.29748616E+03   0.70610737E+00
  0.65500000E+00   0.14509263E+01   0.73231836E+03   0.18397526E+01   0.17766034E+01   0.29481164E+03   0.71895831E+00
  0.66000000E+00   0.14132179E+01   0.73837570E+03   0.17759670E+01   0.17993354E+01   0.29218392E+03   0.73208660E+00
  0.66500000E+00   0.13768286E+01   0.74427520E+03   0.17149587E+01   0.18217729E+01   0.28960387E+03   0.74547929E+00
  0.67000000E+00   0.13417281E+01   0.75001895E+03   0.16566284E+01   0.18439093E+01   0.28707220E+03   0.75912316E+00
  0.67500000E+00   0.13078851E+01   0.75560923E+03   0.16008767E+01   0.18657382E+01   0.28458949E+03   0.77300475E+00
  0.68000000E+00   0.12752669E+01   0.76104843E+03   0.15476049E+01   0.18872542E+01   0.28215618E+03   0.78711035E+00
  0.68500000E+00   0.12438401E+01   0.76633908E+03   0.14967152E+01   0.19084522E+01   0.27977258E+03   0.80142605E+00
  0.69000000E+00   0.12135710E+01   0.77148378E+03   0.14481115E+01   0.19293277E+01   0.27743891E+03   0.81593772E+00
  0.69500000E+00   0.11844253E+01   0.77648520E+03   0.14016995E+01   0.19498767E+01   0.27515525E+03   0.83063104E+00
  0.70000000E+00   0.11563686E+01   0.78134609E+03   0.13573870E+01   0.19700958E+01   0.27292162E+03   0.84549150E+00
  0.70500000E+00   0.11293670E+01   0.78606921E+03   0.13150845E+01   0.19899818E+01   0.27073795E+03   0.86050445E+00
  0.71000000E+00   0.11033864E+01   0.79065737E+03   0.12747049E+01   0.20095319E+01   0.26860407E+03   0.87565506E+00
  0.71500000E+00   0.10783932E+01   0.79511337E+03   0.12361638E+01   0.20287439E+01   0.26651977E+03   0.89092838E+00
  0.72000000E+00   0.10543545E+01   0.79944002E+03   0.11993799E+01   0.20476156E+01   0.26448477E+03   0.90630934E+00
  0.72500000E+00   0.10312378E+01   0.80364011E+03   0.11642747E+01   0.20661454E+01   0.26249872E+03   0.92178277E+00
  0.73000000E+00   0.10090112E+01   0.80771643E+03   0.11307726E+01   0.20843319E+01   0.26056126E+03   0.93733338E+00
  0.73500000E+00   0.98764385E+00   0.81167172E+03   0.10988012E+01   0.21021739E+01   0.25867194E+03   0.95294584E+00
  0.74000000E+00   0.96710540E+00   0.81550870E+03   0.10682909E+01   0.21196704E+01   0.25683032E+03   0.96860474E+00
  0.74500000E+00   0.94736647E+00   0.81923005E+03   0.10391752E+01   0.21368207E+01   0.25503590E+03   0.98429462E+00
  0.75000000E+00   0.92839854E+00   0.82283840E+03   0.10113903E+01   0.21536245E+01   0.25328817E+03   0.10000000E+01
  0.75500000E+00   0.91017395E+00   0.82633633E+03   0.98487551E+00   0.21700812E+01   0.25158659E+03   0.10157054E+01
  0.76000000E+00   0.89266597E+00   0.82972636E+03   0.95957268E+00   0.21861907E+01   0.24993061E+03   0.10313953E+01
  0.76500000E+00   0.87584878E+00   0.83301098E+03   0.93542651E+00   0.22019530E+01   0.24831966E+03   0.10470542E+01
  0.77000000E+00   0.85969747E+00   0.83619259E+03   0.91238432E+00   0.22173683E+01   0.24675316E+03   0.10626666E+01
  0.77500000E+00   0.84418805E+00   0.83927354E+03   0.89039594E+00   0.22324367E+01   0.24523053E+03   0.10782172E+01
  0.78000000E+00   0.82929743E+00   0.84225613E+03   0.86941368E+00   0.22471585E+01   0.24375117E+03   0.10936907E+01
  0.78500000E+00   0.81500341E+00   0.84514258E+03   0.84939221E+00   0.22615342E+01   0.24231450E+03   0.11090716E+01
  0.79000000E+00   0.80128468E+00   0.84793506E+03   0.83028847E+00   0.22755643E+01   0.24091993E+03   0.11243449E+01
  0.79500000E+00   0.78812078E+00   0.85063566E+03   0.81206159E+00   0.22892493E+01   0.23956686E+03   0.11394956E+01
  0.80000000E+00   0.77549213E+00   0.85324642E+03   0.79467280E+00   0.23025899E+01   0.23825472E+03   0.11545085E+01
  0.80500000E+00   0.76337992E+00   0.85576930E+03   0.77808533E+00   0.23155868E+01   0.23698292E+03   0.11693690E+01
  0.81000000E+00   0.75176620E+00   0.85820622E+03   0.76226432E+00   0.23282406E+01   0.23575090E+03   0.11840623E+01
  0.81500000E+00   0.24877241E+01   0.25620167E+03   0.46398026E+01   0.51248470E+00   0.43363852E+03   0.11985739E+01
  0.82000000E+00   0.24980318E+01   0.25213303E+03   0.46655818E+01   0.50399175E+00   0.43424858E+03   0.12128896E+01
  0.82500000E+00   0.25076767E+01   0.24827591E+03   0.46897361E+01   0.49595668E+00   0.43481791E+03   0.12269952E+01
  0.83000000E+00   0.25167099E+01   0.24461729E+03   0.47123873E+01   0.48834961E+00   0.43534983E+03   0.12408768E+01
  0.83500000E+00   0.25251771E+01   0.24114559E+03   0.47336443E+01   0.48114395E+00   0.43584727E+03   0.12545207E+01
  0.84000000E+00   0.25331189E+01   0.23785037E+03   0.47536042E+01   0.47431592E+00   0.43631284E+03   0.12679134E+01
  0.84500000E+00   0.25405719E+01   0.23472225E+03   0.47723549E+01   0.46784418E+00   0.43674888E+03   0.12810417E+01
  0.85000000E+00   0.25475687E+01   0.23175272E+03   0.47899752E+01   0.46170946E+00   0.43715748E+03   0.12938926E+01
  0.85500000E+00   0.25541392E+01   0.22893409E+03   0.48065367E+01   0.45589436E+00   0.43754049E+03   0.13064535E+01
  0.86000000E+00   0.25603102E+01   0.22625931E+03   0.48221043E+01   0.45038306E+00   0.43789963E+03   0.13187120E+01
  0.86500000E+00   0.25661059E+01   0.22372197E+03   0.48367371E+01   0.44516119E+00   0.43823641E+03   0.13306559E+01
  0.87000000E+00   0.25715487E+01   0.22131621E+03   0.48504888E+01   0.44021561E+00   0.43855222E+03   0.13422736E+01
  0.87500000E+00   0.25766585E+01   0.21903662E+03   0.48634085E+01   0.43553434E+00   0.43884831E+03   0.13535534E+01
  0.88000000E+00   0.25814540E+01   0.21687828E+03   0.48755410E+01   0.43110638E+00   0.43912584E+03   0.13644843E+01
  0.88500000E+00   0.25859517E+01   0.21483664E+03   0.48869275E+01   0.42692167E+00   0.43938582E+03   0.13750555E+01
  0.89000000E+00   0.25901673E+01   0.21290750E+03   0.48976056E+01   0.42297097E+00   0.43962922E+03   0.13852566E+01
  0.89500000E+00   0.25941146E+01   0.21108701E+03   0.49076096E+01   0.41924576E+00   0.43985690E+03   0.13950775E+01
  0.90000000E+00   0.25978066E+01   0.20937162E+03   0.49169713E+01   0.41573825E+00   0.44006965E+03   0.14045085E+01
  0.90500000E+00   0.26012551E+01   0.20775805E+03   0.49257196E+01   0.41244125E+00   0.44026818E+03   0.14135403E+01
  0.91000000E+00   0.26044709E+01   0.20624329E+03   0.49338811E+01   0.40934816E+00   0.44045316E+03   0.14221640E+01
  0.91500000E+00   0.26074638E+01   0.20482455E+03   0.49414800E+01   0.40645291E+00   0.44062519E+03   0.14303710E+01
  0.92000000E+00   0.26102429E+01   0.20349928E+03   0.49485388E+01   0.40374992E+00   0.44078480E+03   0.14381533E+01
  0.92500000E+00   0.26128165E+01   0.20226513E+03   0.49550777E+01   0.40123410E+00   0.44093252E+03   0.14455033E+01
  0.93000000E+00   0.26151920E+01   0.20111994E+03   0.49611155E+01   0.39890076E+00   0.44106878E+03   0.14524135E+01
  0.93500000E+00   0.26173763E+01   0.20006175E+03   0.49666689E+01   0.39674562E+00   0.44119400E+03   0.14588773E+01
  0.94000000E+00   0.26193757E+01   0.19908875E+03   0.49717534E+01   0.39476480E+00   0.44130856E+03   0.14648882E+01
  0.94500000E+00   0.26211957E+01   0.19819931E+03   0.49763830E+01   0.39295476E+00   0.44141279E+03   0.14704404E+01
  0.95000000E+00   0.26228414E+01   0.19739195E+03   0.49805702E+01   0.39131232E+00   0.44150700E+03   0.14755283E+01
  0.95500000E+00   0.26243173E+01   0.19666535E+03   0.49843261E+01   0.38983461E+00   0.44159145E+03   0.14801468E+01
  0.96000000E+00   0.26256275E+01   0.19601832E+03   0.49876608E+01   0.38851909E+00   0.44166640E+03   0.14842916E+01
  0.96500000E+00   0.26267755E+01   0.19544981E+03   0.49905832E+01   0.38736349E+00   0.44173204E+03   0.14879584E+01
  0.97000000E+00   0.26277643E+01   0.19495892E+03   0.49931007E+01   0.38636587E+00   0.44178857E+03   0.14911436E+01
  0.97500000E+00   0.26285966E+01   0.19454486E+03   0.49952201E+01   0.38552453E+00   0.44183614E+03   0.14938442E+01
  0.98000000E+00   0.26292746E+01   0.19420697E+03   0.49969467E+01   0.38483806E+00   0.44187489E+03   0.14960574E+01
  0.98500000E+00   0.26298002E+01   0.19394471E+03   0.49982851E+01   0.38430532E+00   0.44190492E+03   0.14977810E+01
  0.99000000E+00   0.26301746E+01   0.19375768E+03   0.49992386E+01   0.38392543E+00   0.44192631E+03   0.14990134E+01
  0.99500000E+00   0.26303988E+01   0.19364558E+03   0.49998098E+01   0.38369774E+00   0.44193912E+03   0.14997533E+01
  0.10000000E+01   0.26304735E+01   0.19360823E+03   0.50000000E+01   0.38362188E+00   0.44194338E+03   0.15000000E+01
