  0.00000000E+00   0.50325265E+01   0.10119794E+03   0.97397538E+01   0.19871851E+00   0.44997923E+03   0.15000000E+01
  0.12500000E-02   0.50325244E+01   0.10119902E+03   0.97397483E+01   0.19872065E+00   0.44997916E+03   0.14999846E+01
  0.25000000E-02   0.50325180E+01   0.10120227E+03   0.97397318E+01   0.19872707E+00   0.44997897E+03   0.14999383E+01
  0.37500000E-02   0.50325074E+01   0.10120769E+03   0.97397042E+01   0.19873778E+00   0.44997865E+03   0.14998612E+01
  0.50000000E-02   0.50324925E+01   0.10121527E+03   0.97396656E+01   0.19875277E+00   0.44997819E+03   0.14997533E+01
  0.62500000E-02   0.50324733E+01   0.10122502E+03   0.97396159E+01   0.19877205E+00   0.44997761E+03   0.14996145E+01
  0.75000000E-02   0.50324499E+01   0.10123694E+03   0.97395552E+01   0.19879561E+00   0.44997690E+03   0.14994449E+01
  0.87500000E-02   0.50324222E+01   0.10125103E+03   0.97394834E+01   0.19882346E+00   0.44997606E+03   0.14992445E+01
  0.10000000E-01   0.50323903E+01   0.10126729E+03   0.97394005E+01   0.19885560E+00   0.44997509E+03   0.14990134E+01
  0.11250000E-01   0.50323541E+01   0.10128572E+03   0.97393066E+01   0.19889203E+00   0.44997398E+03   0.14987514E+01
  0.12500000E-01   0.50323136E+01   0.10130632E+03   0.97392016E+01   0.19893276E+00   0.44997275E+03   0.14984587E+01
  0.13750000E-01   0.50322688E+01   0.10132909E+03   0.97390855E+01   0.19897778E+00   0.44997139E+03   0.14981352E+01
  0.15000000E-01   0.50322197E+01   0.10135405E+03   0.97389582E+01   0.19902711E+00   0.44996990E+03   0.14977810E+01
  0.16250000E-01   0.50321664E+01   0.10138117E+03   0.97388198E+01   0.19908074E+00   0.44996828E+03   0.14973961E+01
  0.17500000E-01   0.50321087E+01   0.10141048E+03   0.97386703E+01   0.19913868E+00   0.44996653E+03   0.14969805E+01
  0.18750000E-01   0.50320467E+01   0.10144197E+03   0.97385096E+01   0.19920093E+00   0.44996464E+03   0.14965342E+01
  0.20000000E-01   0.50319804E+01   0.10147564E+03   0.97383377E+01   0.19926750E+00   0.44996263E+03   0.14960574E+01
  0.21250000E-01   0.50319098E+01   0.10151150E+03   0.97381546E+01   0.19933839E+00   0.44996048E+03   0.14955499E+01
  0.22500000E-01   0.50318349E+01   0.10154955E+03   0.97379602E+01   0.19941360E+00   0.44995820E+03   0.14950118E+01
  0.23750000E-01   0.50317556E+01   0.10158978E+03   0.97377545E+01   0.19949315E+00   0.44995579E+03   0.14944432E+01
  0.25000000E-01   0.50316719E+01   0.10163221E+03   0.97375376E+01   0.19957704E+00   0.44995325E+03   0.14938442E+01
  0.26250000E-01   0.50315839E+01   0.10167684E+03   0.97373093E+01   0.19966527E+00   0.44995057E+03   0.14932146E+01
  0.27500000E-01   0.50314915E+01   0.10172367E+03   0.97370697E+01   0.19975784E+00   0.44994776E+03   0.14925547E+01
  0.28750000E-01   0.50313947E+01   0.10177270E+03   0.97368187E+01   0.19985478E+00   0.44994482E+03   0.14918643E+01
  0.30000000E-01   0.50312935E+01   0.10182393E+03   0.97365563E+01   0.19995608E+00   0.44994174E+03   0.14911436E+01
  0.31250000E-01   0.50311879E+01   0.10187738E+03   0.97362824E+01   0.20006174E+00   0.44993853E+03   0.14903926E+01
  0.32500000E-01   0.50310778E+01   0.10193304E+03   0.97359971E+01   0.20017179E+00   0.44993518E+03   0.14896114E+01
  0.33750000E-01   0.50309634E+01   0.10199092E+03   0.97357002E+01   0.20028622E+00   0.44993170E+03   0.14888000E+01
  0.35000000E-01   0.50308444E+01   0.10205102E+03   0.97353917E+01   0.20040505E+00   0.44992808E+03   0.14879584E+01
  0.36250000E-01   0.50307210E+01   0.10211334E+03   0.97350716E+01   0.20052828E+00   0.44992433E+03   0.14870867E+01
  0.37500000E-01   0.50305930E+01   0.10217789E+03   0.97347399E+01   0.20065592E+00   0.44992044E+03   0.14861850E+01
  0.38750000E-01   0.50304606E+01   0.10224468E+03   0.97343965E+01   0.20078797E+00   0.44991641E+03   0.14852532E+01
  0.40000000E-01   0.50303236E+01   0.10231371E+03   0.97340413E+01   0.20092446E+00   0.44991225E+03   0.14842916E+01
  0.41250000E-01   0.50301821E+01   0.10238499E+03   0.97336744E+01   0.20106539E+00   0.44990794E+03   0.14833001E+01
  0.42500000E-01   0.50300360E+01   0.10245851E+03   0.97332956E+01   0.20121077E+00   0.44990350E+03   0.14822787E+01
  0.43750000E-01   0.50298854E+01   0.10253429E+03   0.97329049E+01   0.20136061E+00   0.44989892E+03   0.14812276E+01
  0.45000000E-01   0.50297301E+01   0.10261232E+03   0.97325023E+01   0.20151492E+00   0.44989420E+03   0.14801468E+01
  0.46250000E-01   0.50295702E+01   0.10269262E+03   0.97320877E+01   0.20167371E+00   0.44988934E+03   0.14790364E+01
  0.47500000E-01   0.50294057E+01   0.10277520E+03   0.97316611E+01   0.20183699E+00   0.44988433E+03   0.14778965E+01
  0.48750000E-01   0.50292364E+01   0.10286004E+03   0.97312223E+01   0.20200477E+00   0.44987918E+03   0.14767271E+01
  0.50000000E-01   0.50290625E+01   0.10294717E+03   0.97307714E+01   0.20217708E+00   0.44987390E+03   0.14755283E+01
  0.51250000E-01   0.50288839E+01   0.10303659E+03   0.97303083E+01   0.20235391E+00   0.44986846E+03   0.14743001E+01
  0.52500000E-01   0.50287005E+01   0.10312831E+03   0.97298328E+01   0.20253528E+00   0.44986288E+03   0.14730427E+01
  0.53750000E-01   0.50285124E+01   0.10322232E+03   0.97293451E+01   0.20272121E+00   0.44985716E+03   0.14717561E+01
  0.55000000E-01   0.50283195E+01   0.10331865E+03   0.97288449E+01   0.20291171E+00   0.44985129E+03   0.14704404E+01
  0.56250000E-01   0.50281217E+01   0.10341729E+03   0.97283322E+01   0.20310679E+00   0.44984528E+03   0.14690957E+01
  0.57500000E-01   0.50279191E+01   0.10351825E+03   0.97278070E+01   0.20330646E+00   0.44983912E+03   0.14677220E+01
  0.58750000E-01   0.50277117E+01   0.10362153E+03   0.97272691E+01   0.20351074E+00   0.44983281E+03   0.14663195E+01
  0.60000000E-01   0.50274993E+01   0.10372716E+03   0.97267185E+01   0.20371965E+00   0.44982635E+03   0.14648882E+01
  0.61250000E-01   0.50272820E+01   0.10383513E+03   0.97261552E+01   0.20393320E+00   0.44981974E+03   0.14634283E+01
  0.62500000E-01   0.50270598E+01   0.10394545E+03   0.97255791E+01   0.20415140E+00   0.44981297E+03   0.14619398E+01
  0.63750000E-01   0.50268325E+01   0.10405812E+03   0.97249900E+01   0.20437427E+00   0.44980606E+03   0.14604227E+01
  0.65000000E-01   0.50266003E+01   0.10417317E+03   0.97243879E+01   0.20460183E+00   0.44979899E+03   0.14588773E+01
  0.66250000E-01   0.50263630E+01   0.10429059E+03   0.97237727E+01   0.20483409E+00   0.44979177E+03   0.14573036E+01
  0.67500000E-01   0.50261206E+01   0.10441039E+03   0.97231443E+01   0.20507108E+00   0.44978440E+03   0.14557016E+01
  0.68750000E-01   0.50258731E+01   0.10453259E+03   0.97225027E+01   0.20531280E+00   0.44977687E+03   0.14540716E+01
  0.70000000E-01   0.50256204E+01   0.10465718E+03   0.97218478E+01   0.20555927E+00   0.44976918E+03   0.14524135E+01
  0.71250000E-01   0.50253625E+01   0.10478418E+03   0.97211794E+01   0.20581052E+00   0.44976133E+03   0.14507276E+01
  0.72500000E-01   0.50250995E+01   0.10491361E+03   0.97204975E+01   0.20606655E+00   0.44975333E+03   0.14490138E+01
  0.73750000E-01   0.50248311E+01   0.10504546E+03   0.97198019E+01   0.20632740E+00   0.44974516E+03   0.14472723E+01
  0.75000000E-01   0.50245575E+01   0.10517974E+03   0.97190927E+01   0.20659307E+00   0.44973684E+03   0.14455033E+01
  0.76250000E-01   0.50242785E+01   0.10531647E+03   0.97183696E+01   0.20686359E+00   0.44972835E+03   0.14437067E+01
  0.77500000E-01   0.50239942E+01   0.10545566E+03   0.97176327E+01   0.20713898E+00   0.44971969E+03   0.14418828E+01
  0.78750000E-01   0.50237045E+01   0.10559732E+03   0.97168817E+01   0.20741925E+00   0.44971087E+03   0.14400316E+01
  0.80000000E-01   0.50234093E+01   0.10574144E+03   0.97161166E+01   0.20770443E+00   0.44970189E+03   0.14381533E+01
  0.81250000E-01   0.50231086E+01   0.10588806E+03   0.97153373E+01   0.20799454E+00   0.44969274E+03   0.14362480E+01
  0.82500000E-01   0.50228024E+01   0.10603717E+03   0.97145437E+01   0.20828960E+00   0.44968342E+03   0.14343158E+01
  0.83750000E-01   0.50224906E+01   0.10618879E+03   0.97137356E+01   0.20858963E+00   0.44967392E+03   0.14323567E+01
  0.85000000E-01   0.50221731E+01   0.10634293E+03   0.97129129E+01   0.20889465E+00   0.44966426E+03   0.14303710E+01
  0.86250000E-01   0.50218500E+01   0.10649959E+03   0.97120756E+01   0.20920468E+00   0.44965443E+03   0.14283588E+01
  0.87500000E-01   0.50215212E+01   0.10665880E+03   0.97112236E+01   0.20951975E+00   0.44964442E+03   0.14263201E+01
  0.88750000E-01   0.50211867E+01   0.10682056E+03   0.97103566E+01   0.20983989E+00   0.44963423E+03   0.14242551E+01
  0.90000000E-01   0.50208463E+01   0.10698488E+03   0.97094746E+01   0.21016510E+00   0.44962387E+03   0.14221640E+01
  0.91250000E-01   0.50205001E+01   0.10715177E+03   0.97085774E+01   0.21049542E+00   0.44961333E+03   0.14200468E+01
  0.92500000E-01   0.50201480E+01   0.10732126E+03   0.97076650E+01   0.21083088E+00   0.44960260E+03   0.14179037E+01
  0.93750000E-01   0.50197899E+01   0.10749334E+03   0.97067372E+01   0.21117149E+00   0.44959170E+03   0.14157348E+01
  0.95000000E-01   0.50194258E+01   0.10766803E+03   0.97057938E+01   0.21151728E+00   0.44958061E+03   0.14135403E+01
  0.96250000E-01   0.50190557E+01   0.10784535E+03   0.97048348E+01   0.21186828E+00   0.44956934E+03   0.14113203E+01
  0.97500000E-01   0.50186795E+01   0.10802530E+03   0.97038599E+01   0.21222451E+00   0.44955788E+03   0.14090749E+01
  0.98750000E-01   0.50182971E+01   0.10820790E+03   0.97028692E+01   0.21258600E+00   0.44954624E+03   0.14068042E+01
  0.10000000E+00   0.50179085E+01   0.10839316E+03   0.97018623E+01   0.21295278E+00   0.44953440E+03   0.14045085E+01
  0.10125000E+00   0.50175136E+01   0.10858110E+03   0.97008393E+01   0.21332486E+00   0.44952237E+03   0.14021878E+01
  0.10250000E+00   0.50171124E+01   0.10877173E+03   0.96997998E+01   0.21370229E+00   0.44951015E+03   0.13998423E+01
  0.10375000E+00   0.50167048E+01   0.10896507E+03   0.96987439E+01   0.21408509E+00   0.44949773E+03   0.13974722E+01
  0.10500000E+00   0.50162907E+01   0.10916112E+03   0.96976713E+01   0.21447328E+00   0.44948512E+03   0.13950775E+01
  0.10625000E+00   0.50158702E+01   0.10935990E+03   0.96965818E+01   0.21486689E+00   0.44947231E+03   0.13926585E+01
  0.10750000E+00   0.50154430E+01   0.10956142E+03   0.96954754E+01   0.21526596E+00   0.44945929E+03   0.13902152E+01
  0.10875000E+00   0.50150093E+01   0.10976571E+03   0.96943519E+01   0.21567051E+00   0.44944608E+03   0.13877479E+01
  0.11000000E+00   0.50145689E+01   0.10997277E+03   0.96932110E+01   0.21608058E+00   0.44943266E+03   0.13852566E+01
  0.11125000E+00   0.50141217E+01   0.11018262E+03   0.96920527E+01   0.21649619E+00   0.44941903E+03   0.13827416E+01
  0.11250000E+00   0.50136677E+01   0.11039528E+03   0.96908768E+01   0.21691737E+00   0.44940519E+03   0.13802030E+01
  0.11375000E+00   0.50132068E+01   0.11061075E+03   0.96896830E+01   0.21734416E+00   0.44939115E+03   0.13776409E+01
  0.11500000E+00   0.50127389E+01   0.11082907E+03   0.96884713E+01   0.21777659E+00   0.44937689E+03   0.13750555E+01
  0.11625000E+00   0.50122640E+01   0.11105023E+03   0.96872415E+01   0.21821469E+00   0.44936241E+03   0.13724470E+01
  0.11750000E+00   0.50117821E+01   0.11127426E+03   0.96859933E+01   0.21865849E+00   0.44934772E+03   0.13698155E+01
  0.11875000E+00   0.50112929E+01   0.11150118E+03   0.96847266E+01   0.21910802E+00   0.44933281E+03   0.13671613E+01
  0.12000000E+00   0.50107966E+01   0.11173100E+03   0.96834412E+01   0.21956333E+00   0.44931768E+03   0.13644843E+01
  0.12125000E+00   0.50102929E+01   0.11196373E+03   0.96821369E+01   0.22002444E+00   0.44930232E+03   0.13617849E+01
  0.12250000E+00   0.50097818E+01   0.11219940E+03   0.96808135E+01   0.22049139E+00   0.44928674E+03   0.13590631E+01
  0.12375000E+00   0.50092633E+01   0.11243803E+03   0.96794709E+01   0.22096421E+00   0.44927093E+03   0.13563193E+01
  0.12500000E+00   0.50087373E+01   0.11267962E+03   0.96781088E+01   0.22144294E+00   0.44925488E+03   0.13535534E+01
  0.12625000E+00   0.50082036E+01   0.11292419E+03   0.96767270E+01   0.22192761E+00   0.44923861E+03   0.13507657E+01
  0.12750000E+00   0.50076622E+01   0.11317178E+03   0.96753253E+01   0.22241827E+00   0.44922210E+03   0.13479564E+01
  0.12875000E+00   0.50071130E+01   0.11342238E+03   0.96739036E+01   0.22291494E+00   0.44920535E+03   0.13451256E+01
  0.13000000E+00   0.50065560E+01   0.11367603E+03   0.96724616E+01   0.22341767E+00   0.44918835E+03   0.13422736E+01
  0.13125000E+00   0.50059911E+01   0.11393273E+03   0.96709990E+01   0.22392649E+00   0.44917112E+03   0.13394004E+01
  0.13250000E+00   0.50054181E+01   0.11419252E+03   0.96695157E+01   0.22444145E+00   0.44915364E+03   0.13365063E+01
  0.13375000E+00   0.50048370E+01   0.11445540E+03   0.96680115E+01   0.22496257E+00   0.44913591E+03   0.13335914E+01
  0.13500000E+00   0.50042477E+01   0.11472140E+03   0.96664861E+01   0.22548991E+00   0.44911793E+03   0.13306559E+01
  0.13625000E+00   0.50036501E+01   0.11499053E+03   0.96649393E+01   0.22602349E+00   0.44909969E+03   0.13277001E+01
  0.13750000E+00   0.50030441E+01   0.11526282E+03   0.96633709E+01   0.22656337E+00   0.44908120E+03   0.13247240E+01
  0.13875000E+00   0.50024296E+01   0.11553829E+03   0.96617805E+01   0.22710958E+00   0.44906245E+03   0.13217279E+01
  0.14000000E+00   0.50018066E+01   0.11581696E+03   0.96601681E+01   0.22766216E+00   0.44904343E+03   0.13187120E+01
  0.14125000E+00   0.50011749E+01   0.11609884E+03   0.96585333E+01   0.22822116E+00   0.44902415E+03   0.13156764E+01
  0.14250000E+00   0.50005344E+01   0.11638396E+03   0.96568759E+01   0.22878661E+00   0.44900459E+03   0.13126213E+01
  0.14375000E+00   0.49998851E+01   0.11667234E+03   0.96551956E+01   0.22935857E+00   0.44898477E+03   0.13095470E+01
  0.14500000E+00   0.49992268E+01   0.11696399E+03   0.96534922E+01   0.22993707E+00   0.44896467E+03   0.13064535E+01
  0.14625000E+00   0.49985594E+01   0.11725896E+03   0.96517654E+01   0.23052216E+00   0.44894429E+03   0.13033412E+01
  0.14750000E+00   0.49978829E+01   0.11755724E+03   0.96500150E+01   0.23111388E+00   0.44892363E+03   0.13002101E+01
  0.14875000E+00   0.49971971E+01   0.11785887E+03   0.96482406E+01   0.23171228E+00   0.44890269E+03   0.12970605E+01
  0.15000000E+00   0.49965019E+01   0.11816387E+03   0.96464421E+01   0.23231741E+00   0.44888145E+03   0.12938926E+01
  0.15125000E+00   0.49957972E+01   0.11847226E+03   0.96446191E+01   0.23292930E+00   0.44885993E+03   0.12907066E+01
  0.15250000E+00   0.49950830E+01   0.11878406E+03   0.96427714E+01   0.23354802E+00   0.44883811E+03   0.12875026E+01
  0.15375000E+00   0.49943590E+01   0.11909930E+03   0.96408986E+01   0.23417360E+00   0.44881599E+03   0.12842809E+01
  0.15500000E+00   0.49936252E+01   0.11941800E+03   0.96390005E+01   0.23480609E+00   0.44879356E+03   0.12810417E+01
  0.15625000E+00   0.49928814E+01   0.11974018E+03   0.96370768E+01   0.23544555E+00   0.44877084E+03   0.12777851E+01
  0.15750000E+00   0.49921276E+01   0.12006588E+03   0.96351271E+01   0.23609202E+00   0.44874780E+03   0.12745114E+01
  0.15875000E+00   0.49913636E+01   0.12039510E+03   0.96331512E+01   0.23674555E+00   0.44872445E+03   0.12712208E+01
  0.16000000E+00   0.49905893E+01   0.12072788E+03   0.96311488E+01   0.23740619E+00   0.44870078E+03   0.12679134E+01
  0.16125000E+00   0.49898045E+01   0.12106424E+03   0.96291196E+01   0.23807400E+00   0.44867679E+03   0.12645895E+01
  0.16250000E+00   0.49890093E+01   0.12140421E+03   0.96270631E+01   0.23874902E+00   0.44865247E+03   0.12612493E+01
  0.16375000E+00   0.49882033E+01   0.12174781E+03   0.96249792E+01   0.23943131E+00   0.44862783E+03   0.12578929E+01
  0.16500000E+00   0.49873866E+01   0.12209507E+03   0.96228675E+01   0.24012092E+00   0.44860285E+03   0.12545207E+01
  0.16625000E+00   0.49865589E+01   0.12244601E+03   0.96207276E+01   0.24081790E+00   0.44857754E+03   0.12511328E+01
  0.16750000E+00   0.49857201E+01   0.12280067E+03   0.96185592E+01   0.24152231E+00   0.44855188E+03   0.12477293E+01
  0.16875000E+00   0.49848701E+01   0.12315905E+03   0.96163619E+01   0.24223420E+00   0.44852588E+03   0.12443106E+01
  0.17000000E+00   0.49840088E+01   0.12352120E+03   0.96141355E+01   0.24295363E+00   0.44849953E+03   0.12408768E+01
  0.17125000E+00   0.49831360E+01   0.12388715E+03   0.96118795E+01   0.24368066E+00   0.44847283E+03   0.12374282E+01
  0.17250000E+00   0.49822516E+01   0.12425691E+03   0.96095936E+01   0.24441534E+00   0.44844576E+03   0.12339649E+01
  0.17375000E+00   0.49813554E+01   0.12463051E+03   0.96072774E+01   0.24515772E+00   0.44841833E+03   0.12304872E+01
  0.17500000E+00   0.49804473E+01   0.12500799E+03   0.96049306E+01   0.24590787E+00   0.44839054E+03   0.12269952E+01
  0.17625000E+00   0.49795271E+01   0.12538937E+03   0.96025527E+01   0.24666584E+00   0.44836237E+03   0.12234893E+01
  0.17750000E+00   0.49785947E+01   0.12577468E+03   0.96001435E+01   0.24743170E+00   0.44833382E+03   0.12199696E+01
  0.17875000E+00   0.49776500E+01   0.12616395E+03   0.95977024E+01   0.24820551E+00   0.44830490E+03   0.12164363E+01
  0.18000000E+00   0.49766927E+01   0.12655721E+03   0.95952291E+01   0.24898732E+00   0.44827558E+03   0.12128896E+01
  0.18125000E+00   0.49757227E+01   0.12695448E+03   0.95927232E+01   0.24977719E+00   0.44824587E+03   0.12093299E+01
  0.18250000E+00   0.49747399E+01   0.12735581E+03   0.95901844E+01   0.25057519E+00   0.44821577E+03   0.12057572E+01
  0.18375000E+00   0.49737441E+01   0.12776121E+03   0.95876120E+01   0.25138139E+00   0.44818526E+03   0.12021718E+01
  0.18500000E+00   0.49727351E+01   0.12817072E+03   0.95850059E+01   0.25219584E+00   0.44815435E+03   0.11985739E+01
  0.18625000E+00   0.49717128E+01   0.12858438E+03   0.95823655E+01   0.25301860E+00   0.44812302E+03   0.11949638E+01
  0.18750000E+00   0.49706770E+01   0.12900220E+03   0.95796903E+01   0.25384975E+00   0.44809127E+03   0.11913417E+01
  0.18875000E+00   0.49696275E+01   0.12942422E+03   0.95769801E+01   0.25468935E+00   0.44805910E+03   0.11877078E+01
  0.19000000E+00   0.49685641E+01   0.12985048E+03   0.95742342E+01   0.25553747E+00   0.44802650E+03   0.11840623E+01
  0.19125000E+00   0.49674867E+01   0.13028100E+03   0.95714523E+01   0.25639416E+00   0.44799347E+03   0.11804054E+01
  0.19250000E+00   0.49663951E+01   0.13071583E+03   0.95686338E+01   0.25725951E+00   0.44795999E+03   0.11767374E+01
  0.19375000E+00   0.49652890E+01   0.13115498E+03   0.95657784E+01   0.25813357E+00   0.44792607E+03   0.11730585E+01
  0.19500000E+00   0.49641684E+01   0.13159850E+03   0.95628856E+01   0.25901642E+00   0.44789170E+03   0.11693690E+01
  0.19625000E+00   0.49630330E+01   0.13204641E+03   0.95599548E+01   0.25990813E+00   0.44785687E+03   0.11656689E+01
  0.19750000E+00   0.49618826E+01   0.13249876E+03   0.95569856E+01   0.26080877E+00   0.44782157E+03   0.11619587E+01
  0.19875000E+00   0.49607170E+01   0.13295557E+03   0.95539775E+01   0.26171841E+00   0.44778580E+03   0.11582385E+01
  0.20000000E+00   0.49595361E+01   0.13341689E+03   0.95509300E+01   0.26263712E+00   0.44774955E+03   0.11545085E+01
  0.20125000E+00   0.49583396E+01   0.13388274E+03   0.95478425E+01   0.26356497E+00   0.44771282E+03   0.11507690E+01
  0.20250000E+00   0.49571274E+01   0.13435315E+03   0.95447146E+01   0.26450205E+00   0.44767560E+03   0.11470202E+01
  0.20375000E+00   0.49558991E+01   0.13482818E+03   0.95415457E+01   0.26544841E+00   0.44763789E+03   0.11432623E+01
  0.20500000E+00   0.49546547E+01   0.13530784E+03   0.95383353E+01   0.26640414E+00   0.44759967E+03   0.11394956E+01
  0.20625000E+00   0.49533938E+01   0.13579219E+03   0.95350829E+01   0.26736932E+00   0.44756094E+03   0.11357202E+01
  0.20750000E+00   0.49521163E+01   0.13628124E+03   0.95317878E+01   0.26834402E+00   0.44752169E+03   0.11319365E+01
  0.20875000E+00   0.49508220E+01   0.13677505E+03   0.95284496E+01   0.26932832E+00   0.44748191E+03   0.11281447E+01
  0.21000000E+00   0.49495106E+01   0.13727365E+03   0.95250677E+01   0.27032229E+00   0.44744161E+03   0.11243449E+01
  0.21125000E+00   0.49481819E+01   0.13777707E+03   0.95216414E+01   0.27132603E+00   0.44740077E+03   0.11205375E+01
  0.21250000E+00   0.49468357E+01   0.13828535E+03   0.95181703E+01   0.27233959E+00   0.44735938E+03   0.11167227E+01
  0.21375000E+00   0.49454717E+01   0.13879854E+03   0.95146537E+01   0.27336308E+00   0.44731743E+03   0.11129006E+01
  0.21500000E+00   0.49440897E+01   0.13931666E+03   0.95110910E+01   0.27439656E+00   0.44727493E+03   0.11090716E+01
  0.21625000E+00   0.49426894E+01   0.13983977E+03   0.95074816E+01   0.27544013E+00   0.44723186E+03   0.11052359E+01
  0.21750000E+00   0.49412707E+01   0.14036789E+03   0.95038250E+01   0.27649386E+00   0.44718821E+03   0.11013936E+01
  0.21875000E+00   0.49398332E+01   0.14090108E+03   0.95001203E+01   0.27755784E+00   0.44714397E+03   0.10975452E+01
  0.22000000E+00   0.49383767E+01   0.14143936E+03   0.94963671E+01   0.27863216E+00   0.44709914E+03   0.10936907E+01
  0.22125000E+00   0.49369010E+01   0.14198278E+03   0.94925647E+01   0.27971689E+00   0.44705371E+03   0.10898304E+01
  0.22250000E+00   0.49354058E+01   0.14253138E+03   0.94887125E+01   0.28081214E+00   0.44700767E+03   0.10859646E+01
  0.22375000E+00   0.49338908E+01   0.14308520E+03   0.94848096E+01   0.28191797E+00   0.44696101E+03   0.10820934E+01
  0.22500000E+00   0.49323558E+01   0.14364428E+03   0.94808556E+01   0.28303449E+00   0.44691373E+03   0.10782172E+01
  0.22625000E+00   0.49308004E+01   0.14420867E+03   0.94768497E+01   0.28416179E+00   0.44686581E+03   0.10743362E+01
  0.22750000E+00   0.49292245E+01   0.14477840E+03   0.94727912E+01   0.28529994E+00   0.44681724E+03   0.10704506E+01
  0.22875000E+00   0.49276277E+01   0.14535352E+03   0.94686794E+01   0.28644905E+00   0.44676802E+03   0.10665607E+01
  0.23000000E+00   0.49260097E+01   0.14593407E+03   0.94645136E+01   0.28760920E+00   0.44671814E+03   0.10626666E+01
  0.23125000E+00   0.49243703E+01   0.14652010E+03   0.94602930E+01   0.28878050E+00   0.44666759E+03   0.10587687E+01
  0.23250000E+00   0.49227092E+01   0.14711164E+03   0.94560170E+01   0.28996302E+00   0.44661635E+03   0.10548672E+01
  0.23375000E+00   0.49210260E+01   0.14770875E+03   0.94516848E+01   0.29115687E+00   0.44656443E+03   0.10509622E+01
  0.23500000E+00   0.49193205E+01   0.14831147E+03   0.94472956E+01   0.29236215E+00   0.44651180E+03   0.10470542E+01
  0.23625000E+00   0.49175924E+01   0.14891984E+03   0.94428487E+01   0.29357894E+00   0.44645846E+03   0.10431432E+01
  0.23750000E+00   0.49158413E+01   0.14953390E+03   0.94383432E+01   0.29480735E+00   0.44640440E+03   0.10392295E+01
  0.23875000E+00   0.49140669E+01   0.15015371E+03   0.94337785E+01   0.29604747E+00   0.44634961E+03   0.10353135E+01
  0.24000000E+00   0.49122690E+01   0.15077930E+03   0.94291537E+01   0.29729940E+00   0.44629408E+03   0.10313953E+01
  0.24125000E+00   0.49104472E+01   0.15141073E+03   0.94244680E+01   0.29856325E+00   0.44623780E+03   0.10274751E+01
  0.24250000E+00   0.49086011E+01   0.15204804E+03   0.94197205E+01   0.29983912E+00   0.44618075E+03   0.10235532E+01
  0.24375000E+00   0.49067305E+01   0.15269128E+03   0.94149105E+01   0.30112709E+00   0.44612293E+03   0.10196299E+01
  0.24500000E+00   0.49048350E+01   0.15334049E+03   0.94100371E+01   0.30242729E+00   0.44606433E+03   0.10157054E+01
  0.24625000E+00   0.49029142E+01   0.15399573E+03   0.94050995E+01   0.30373981E+00   0.44600493E+03   0.10117799E+01
  0.24750000E+00   0.49009678E+01   0.15465703E+03   0.94000967E+01   0.30506476E+00   0.44594472E+03   0.10078537E+01
  0.24875000E+00   0.48989955E+01   0.15532446E+03   0.93950279E+01   0.30640224E+00   0.44588370E+03   0.10039270E+01
  0.25000000E+00   0.48969969E+01   0.15599805E+03   0.93898923E+01   0.30775235E+00   0.44582184E+03   0.10000000E+01
  0.25125000E+00   0.48949716E+01   0.15667786E+03   0.93846888E+01   0.30911522E+00   0.44575914E+03   0.99607305E+00
  0.25250000E+00   0.48929192E+01   0.15736394E+03   0.93794166E+01   0.31049094E+00   0.44569559E+03   0.99214634E+00
  0.25375000E+00   0.48908395E+01   0.15805633E+03   0.93740748E+01   0.31187962E+00   0.44563117E+03   0.98822012E+00
  0.25500000E+00   0.48887320E+01   0.15875509E+03   0.93686625E+01   0.31328137E+00   0.44556587E+03   0.98429462E+00
  0.25625000E+00   0.48865963E+01   0.15946026E+03   0.93631786E+01   0.31469632E+00   0.44549968E+03   0.98037009E+00
  0.25750000E+00   0.48844321E+01   0.16017191E+03   0.93576222E+01   0.31612456E+00   0.44543259E+03   0.97644677E+00
  0.25875000E+00   0.48822389E+01   0.16089007E+03   0.93519923E+01   0.31756621E+00   0.44536458E+03   0.97252491E+00
  0.26000000E+00   0.48800164E+01   0.16161480E+03   0.93462880E+01   0.31902138E+00   0.44529563E+03   0.96860474E+00
  0.26125000E+00   0.48777641E+01   0.16234615E+03   0.93405082E+01   0.32049019E+00   0.44522575E+03   0.96468651E+00
  0.26250000E+00   0.48754817E+01   0.16308418E+03   0.93346520E+01   0.32197276E+00   0.44515490E+03   0.96077045E+00
  0.26375000E+00   0.48731687E+01   0.16382893E+03   0.93287182E+01   0.32346920E+00   0.44508309E+03   0.95685682E+00
  0.26500000E+00   0.48708246E+01   0.16458046E+03   0.93227059E+01   0.32497963E+00   0.44501029E+03   0.95294584E+00
  0.26625000E+00   0.48684492E+01   0.16533883E+03   0.93166140E+01   0.32650417E+00   0.44493649E+03   0.94903777E+00
  0.26750000E+00   0.48660419E+01   0.16610408E+03   0.93104415E+01   0.32804293E+00   0.44486167E+03   0.94513284E+00
  0.26875000E+00   0.48636023E+01   0.16687627E+03   0.93041872E+01   0.32959604E+00   0.44478583E+03   0.94123130E+00
  0.27000000E+00   0.48611300E+01   0.16765545E+03   0.92978500E+01   0.33116363E+00   0.44470894E+03   0.93733338E+00
  0.27125000E+00   0.48586245E+01   0.16844168E+03   0.92914289E+01   0.33274580E+00   0.44463100E+03   0.93343933E+00
  0.27250000E+00   0.48560853E+01   0.16923502E+03   0.92849227E+01   0.33434269E+00   0.44455198E+03   0.92954938E+00
  0.27375000E+00   0.48535120E+01   0.17003551E+03   0.92783303E+01   0.33595442E+00   0.44447187E+03   0.92566378E+00
  0.27500000E+00   0.48509042E+01   0.17084321E+03   0.92716506E+01   0.33758111E+00   0.44439065E+03   0.92178277E+00
  0.27625000E+00   0.48482613E+01   0.17165818E+03   0.92648823E+01   0.33922290E+00   0.44430832E+03   0.91790658E+00
  0.27750000E+00   0.48455829E+01   0.17248047E+03   0.92580243E+01   0.34087990E+00   0.44422485E+03   0.91403545E+00
  0.27875000E+00   0.48428684E+01   0.17331015E+03   0.92510754E+01   0.34255224E+00   0.44414023E+03   0.91016963E+00
  0.28000000E+00   0.48401175E+01   0.17414726E+03   0.92440344E+01   0.34424006E+00   0.44405443E+03   0.90630934E+00
  0.28125000E+00   0.48373295E+01   0.17499186E+03   0.92369001E+01   0.34594349E+00   0.44396745E+03   0.90245484E+00
  0.28250000E+00   0.48345041E+01   0.17584401E+03   0.92296713E+01   0.34766265E+00   0.44387926E+03   0.89860635E+00
  0.28375000E+00   0.48316406E+01   0.17670377E+03   0.92223466E+01   0.34939767E+00   0.44378986E+03   0.89476412E+00
  0.28500000E+00   0.48287386E+01   0.17757119E+03   0.92149249E+01   0.35114869E+00   0.44369921E+03   0.89092838E+00
  0.28625000E+00   0.48257976E+01   0.17844633E+03   0.92074048E+01   0.35291585E+00   0.44360731E+03   0.88709937E+00
  0.28750000E+00   0.48228169E+01   0.17932925E+03   0.91997851E+01   0.35469927E+00   0.44351413E+03   0.88327732E+00
  0.28875000E+00   0.48197962E+01   0.18022001E+03   0.91920645E+01   0.35649909E+00   0.44341966E+03   0.87946247E+00
  0.29000000E+00   0.48167347E+01   0.18111867E+03   0.91842416E+01   0.35831544E+00   0.44332388E+03   0.87565506E+00
  0.29125000E+00   0.48136321E+01   0.18202527E+03   0.91763151E+01   0.36014847E+00   0.44322677E+03   0.87185531E+00
  0.29250000E+00   0.48104877E+01   0.18293989E+03   0.91682837E+01   0.36199831E+00   0.44312831E+03   0.86806348E+00
  0.29375000E+00   0.48073009E+01   0.18386258E+03   0.91601460E+01   0.36386510E+00   0.44302848E+03   0.86427978E+00
  0.29500000E+00   0.48040713E+01   0.18479339E+03   0.91519006E+01   0.36574897E+00   0.44292726E+03   0.86050445E+00
  0.29625000E+00   0.48007982E+01   0.18573240E+03   0.91435462E+01   0.36765007E+00   0.44282463E+03   0.85673772E+00
  0.29750000E+00   0.47974810E+01   0.18667965E+03   0.91350813E+01   0.36956854E+00   0.44272058E+03   0.85297984E+00
  0.29875000E+00   0.47941192E+01   0.18763520E+03   0.91265045E+01   0.37150452E+00   0.44261508E+03   0.84923102E+00
  0.30000000E+00   0.47907122E+01   0.18859912E+03   0.91178144E+01   0.37345815E+00   0.44250810E+03   0.84549150E+00
  0.30125000E+00   0.47872593E+01   0.18957147E+03   0.91090095E+01   0.37542957E+00   0.44239964E+03   0.84176152E+00
  0.30250000E+00   0.47837600E+01   0.19055230E+03   0.91000885E+01   0.37741893E+00   0.44228966E+03   0.83804129E+00
  0.30375000E+00   0.47802136E+01   0.19154168E+03   0.90910497E+01   0.37942638E+00   0.44217816E+03   0.83433106E+00
  0.30500000E+00   0.47766196E+01   0.19253965E+03   0.90818918E+01   0.38145205E+00   0.44206509E+03   0.83063104E+00
  0.30625000E+00   0.47729773E+01   0.19354629E+03   0.90726131E+01   0.38349610E+00   0.44195045E+03   0.82694147E+00
  0.30750000E+00   0.47692860E+01   0.19456166E+03   0.90632123E+01   0.38555866E+00   0.44183422E+03   0.82326258E+00
  0.30875000E+00   0.47655452E+01   0.19558580E+03   0.90536878E+01   0.38763989E+00   0.44171636E+03   0.81959459E+00
  0.31000000E+00   0.47617541E+01   0.19661879E+03   0.90440380E+01   0.38973994E+00   0.44159685E+03   0.81593772E+00
  0.31125000E+00   0.47579122E+01   0.19766068E+03   0.90342614E+01   0.39185895E+00   0.44147568E+03   0.81229221E+00
  0.31250000E+00   0.47540188E+01   0.19871153E+03   0.90243565E+01   0.39399707E+00   0.44135282E+03   0.80865828E+00
  0.31375000E+00   0.47500732E+01   0.19977140E+03   0.90143216E+01   0.39615445E+00   0.44122824E+03   0.80503616E+00
  0.31500000E+00   0.47460747E+01   0.20084035E+03   0.90041551E+01   0.39833124E+00   0.44110193E+03   0.80142605E+00
  0.31625000E+00   0.47420227E+01   0.20191844E+03   0.89938556E+01   0.40052760E+00   0.44097385E+03   0.79782820E+00
  0.31750000E+00   0.47379165E+01   0.20300573E+03   0.89834212E+01   0.40274366E+00   0.44084398E+03   0.79424282E+00
  0.31875000E+00   0.47337554E+01   0.20410228E+03   0.89728505E+01   0.40497960E+00   0.44071231E+03   0.79067013E+00
  0.32000000E+00   0.47295387E+01   0.20520814E+03   0.89621418E+01   0.40723554E+00   0.44057879E+03   0.78711035E+00
  0.32125000E+00   0.47252657E+01   0.20632338E+03   0.89512934E+01   0.40951166E+00   0.44044341E+03   0.78356371E+00
  0.32250000E+00   0.47209357E+01   0.20744806E+03   0.89403038E+01   0.41180810E+00   0.44030615E+03   0.78003042E+00
  0.32375000E+00   0.47165480E+01   0.20858223E+03   0.89291711E+01   0.41412501E+00   0.44016697E+03   0.77651069E+00
  0.32500000E+00   0.47121018E+01   0.20972595E+03   0.89178938E+01   0.41646255E+00   0.44002585E+03   0.77300475E+00
  0.32625000E+00   0.47075965E+01   0.21087928E+03   0.89064701E+01   0.41882087E+00   0.43988276E+03   0.76951281E+00
  0.32750000E+00   0.47030313E+01   0.21204228E+03   0.88948984E+01   0.42120013E+00   0.43973768E+03   0.76603509E+00
  0.32875000E+00   0.46984055E+01   0.21321500E+03   0.88831770E+01   0.42360048E+00   0.43959057E+03   0.76257181E+00
  0.33000000E+00   0.46937184E+01   0.21439750E+03   0.88713041E+01   0.42602208E+00   0.43944142E+03   0.75912316E+00
  0.33125000E+00   0.46889692E+01   0.21558985E+03   0.88592780E+01   0.42846507E+00   0.43929019E+03   0.75568938E+00
  0.33250000E+00   0.46841571E+01   0.21679208E+03   0.88470970E+01   0.43092962E+00   0.43913686E+03   0.75227067E+00
  0.33375000E+00   0.46792814E+01   0.21800427E+03   0.88347594E+01   0.43341588E+00   0.43898140E+03   0.74886723E+00
  0.33500000E+00   0.46743414E+01   0.21922647E+03   0.88222634E+01   0.43592401E+00   0.43882377E+03   0.74547929E+00
  0.33625000E+00   0.46693363E+01   0.22045872E+03   0.88096073E+01   0.43845416E+00   0.43866396E+03   0.74210705E+00
  0.33750000E+00   0.46642653E+01   0.22170110E+03   0.87967893E+01   0.44100648E+00   0.43850192E+03   0.73875072E+00
  0.33875000E+00   0.46591276E+01   0.22295364E+03   0.87838076E+01   0.44358113E+00   0.43833764E+03   0.73541050E+00
  0.34000000E+00   0.46539225E+01   0.22421641E+03   0.87706606E+01   0.44617827E+00   0.43817108E+03   0.73208660E+00
  0.34125000E+00   0.46486493E+01   0.22548945E+03   0.87573464E+01   0.44879805E+00   0.43800221E+03   0.72877923E+00
  0.34250000E+00   0.46433070E+01   0.22677283E+03   0.87438632E+01   0.45144062E+00   0.43783101E+03   0.72548859E+00
  0.34375000E+00   0.46378950E+01   0.22806658E+03   0.87302094E+01   0.45410615E+00   0.43765743E+03   0.72221488E+00
  0.34500000E+00   0.46324124E+01   0.22937077E+03   0.87163831E+01   0.45679478E+00   0.43748146E+03   0.71895831E+00
  0.34625000E+00   0.46268585E+01   0.23068544E+03   0.87023825E+01   0.45950667E+00   0.43730306E+03   0.71571907E+00
  0.34750000E+00   0.46212324E+01   0.23201065E+03   0.86882060E+01   0.46224197E+00   0.43712219E+03   0.71249737E+00
  0.34875000E+00   0.46155334E+01   0.23334644E+03   0.86738516E+01   0.46500083E+00   0.43693884E+03   0.70929341E+00
  0.35000000E+00   0.46097607E+01   0.23469286E+03   0.86593177E+01   0.46778342E+00   0.43675295E+03   0.70610737E+00
  0.35125000E+00   0.46039135E+01   0.23604995E+03   0.86446025E+01   0.47058988E+00   0.43656452E+03   0.70293947E+00
  0.35250000E+00   0.45979909E+01   0.23741777E+03   0.86297041E+01   0.47342036E+00   0.43637349E+03   0.69978989E+00
  0.35375000E+00   0.45919922E+01   0.23879637E+03   0.86146210E+01   0.47627501E+00   0.43617984E+03   0.69665882E+00
  0.35500000E+00   0.45859166E+01   0.24018577E+03   0.85993512E+01   0.47915399E+00   0.43598354E+03   0.69354647E+00
  0.35625000E+00   0.45797632E+01   0.24158604E+03   0.85838931E+01   0.48205745E+00   0.43578455E+03   0.69045303E+00
  0.35750000E+00   0.45735314E+01   0.24299721E+03   0.85682449E+01   0.48498553E+00   0.43558284E+03   0.68737867E+00
  0.35875000E+00   0.45672201E+01   0.24441932E+03   0.85524048E+01   0.48793838E+00   0.43537838E+03   0.68432360E+00
  0.36000000E+00   0.45608288E+01   0.24585242E+03   0.85363712E+01   0.49091616E+00   0.43517114E+03   0.68128801E+00
  0.36125000E+00   0.45543565E+01   0.24729654E+03   0.85201424E+01   0.49391900E+00   0.43496107E+03   0.67827207E+00
  0.36250000E+00   0.45478025E+01   0.24875173E+03   0.85037166E+01   0.49694705E+00   0.43474815E+03   0.67527598E+00
  0.36375000E+00   0.45411659E+01   0.25021802E+03   0.84870921E+01   0.50000046E+00   0.43453234E+03   0.67229991E+00
  0.36500000E+00   0.45344460E+01   0.25169544E+03   0.84702673E+01   0.50307937E+00   0.43431361E+03   0.66934407E+00
  0.36625000E+00   0.45276420E+01   0.25318404E+03   0.84532405E+01   0.50618392E+00   0.43409192E+03   0.66640862E+00
  0.36750000E+00   0.45207530E+01   0.25468384E+03   0.84360101E+01   0.50931425E+00   0.43386725E+03   0.66349374E+00
  0.36875000E+00   0.45137784E+01   0.25619488E+03   0.84185744E+01   0.51247051E+00   0.43363954E+03   0.66059963E+00
  0.37000000E+00   0.45067172E+01   0.25771719E+03   0.84009318E+01   0.51565283E+00   0.43340878E+03   0.65772645E+00
  0.37125000E+00   0.44995688E+01   0.25925080E+03   0.83830808E+01   0.51886135E+00   0.43317492E+03   0.65487438E+00
  0.37250000E+00   0.44923324E+01   0.26079573E+03   0.83650197E+01   0.52209621E+00   0.43293793E+03   0.65204360E+00
  0.37375000E+00   0.44850071E+01   0.26235202E+03   0.83467470E+01   0.52535753E+00   0.43269778E+03   0.64923429E+00
  0.37500000E+00   0.44775923E+01   0.26391969E+03   0.83282612E+01   0.52864545E+00   0.43245443E+03   0.64644661E+00
  0.37625000E+00   0.44700871E+01   0.26549876E+03   0.83095608E+01   0.53196009E+00   0.43220784E+03   0.64368074E+00
  0.37750000E+00   0.44624909E+01   0.26708925E+03   0.82906443E+01   0.53530160E+00   0.43195798E+03   0.64093685E+00
  0.37875000E+00   0.44548028E+01   0.26869119E+03   0.82715103E+01   0.53867009E+00   0.43170481E+03   0.63821511E+00
  0.38000000E+00   0.44470222E+01   0.27030459E+03   0.82521574E+01   0.54206570E+00   0.43144830E+03   0.63551569E+00
  0.38125000E+00   0.44391483E+01   0.27192948E+03   0.82325841E+01   0.54548853E+00   0.43118841E+03   0.63283875E+00
  0.38250000E+00   0.44311803E+01   0.27356585E+03   0.82127892E+01   0.54893872E+00   0.43092511E+03   0.63018445E+00
  0.38375000E+00   0.44231177E+01   0.27521374E+03   0.81927712E+01   0.55241638E+00   0.43065837E+03   0.62755297E+00
  0.38500000E+00   0.44149596E+01   0.27687315E+03   0.81725290E+01   0.55592162E+00   0.43038814E+03   0.62494447E+00
  0.38625000E+00   0.44067055E+01   0.27854408E+03   0.81520613E+01   0.55945457E+00   0.43011439E+03   0.62235909E+00
  0.38750000E+00   0.43983545E+01   0.28022655E+03   0.81313669E+01   0.56301533E+00   0.42983708E+03   0.61979702E+00
  0.38875000E+00   0.43899062E+01   0.28192057E+03   0.81104446E+01   0.56660401E+00   0.42955619E+03   0.61725839E+00
  0.39000000E+00   0.43813597E+01   0.28362612E+03   0.80892932E+01   0.57022072E+00   0.42927167E+03   0.61474338E+00
  0.39125000E+00   0.43727145E+01   0.28534323E+03   0.80679118E+01   0.57386556E+00   0.42898349E+03   0.61225213E+00
  0.39250000E+00   0.43639699E+01   0.28707188E+03   0.80462993E+01   0.57753863E+00   0.42869162E+03   0.60978480E+00
  0.39375000E+00   0.43551254E+01   0.28881208E+03   0.80244547E+01   0.58124004E+00   0.42839602E+03   0.60734153E+00
  0.39500000E+00   0.43461803E+01   0.29056381E+03   0.80023770E+01   0.58496986E+00   0.42809665E+03   0.60492249E+00
  0.39625000E+00   0.43371340E+01   0.29232708E+03   0.79800655E+01   0.58872821E+00   0.42779349E+03   0.60252782E+00
  0.39750000E+00   0.43279861E+01   0.29410187E+03   0.79575191E+01   0.59251516E+00   0.42748649E+03   0.60015767E+00
  0.39875000E+00   0.43187359E+01   0.29588816E+03   0.79347372E+01   0.59633080E+00   0.42717562E+03   0.59781218E+00
  0.40000000E+00   0.43093829E+01   0.29768595E+03   0.79117191E+01   0.60017521E+00   0.42686086E+03   0.59549150E+00
  0.40125000E+00   0.42999267E+01   0.29949522E+03   0.78884640E+01   0.60404848E+00   0.42654215E+03   0.59319578E+00
  0.40250000E+00   0.42903667E+01   0.30131595E+03   0.78649715E+01   0.60795068E+00   0.42621948E+03   0.59092514E+00
  0.40375000E+00   0.42807024E+01   0.30314812E+03   0.78412408E+01   0.61188189E+00   0.42589281E+03   0.58867974E+00
  0.40500000E+00   0.42709334E+01   0.30499169E+03   0.78172715E+01   0.61584216E+00   0.42556211E+03   0.58645971E+00
  0.40625000E+00   0.42610594E+01   0.30684666E+03   0.77930633E+01   0.61983157E+00   0.42522734E+03   0.58426519E+00
  0.40750000E+00   0.42510798E+01   0.30871298E+03   0.77686158E+01   0.62385017E+00   0.42488847E+03   0.58209632E+00
  0.40875000E+00   0.42409943E+01   0.31059063E+03   0.77439286E+01   0.62789803E+00   0.42454547E+03   0.57995322E+00
  0.41000000E+00   0.42308025E+01   0.31247957E+03   0.77190016E+01   0.63197519E+00   0.42419831E+03   0.57783604E+00
  0.41125000E+00   0.42205042E+01   0.31437976E+03   0.76938347E+01   0.63608172E+00   0.42384696E+03   0.57574489E+00
  0.41250000E+00   0.42100989E+01   0.31629116E+03   0.76684277E+01   0.64021764E+00   0.42349139E+03   0.57367992E+00
  0.41375000E+00   0.41995865E+01   0.31821373E+03   0.76427806E+01   0.64438302E+00   0.42313156E+03   0.57164124E+00
  0.41500000E+00   0.41889666E+01   0.32014743E+03   0.76168936E+01   0.64857787E+00   0.42276745E+03   0.56962899E+00
  0.41625000E+00   0.41782391E+01   0.32209220E+03   0.75907668E+01   0.65280223E+00   0.42239904E+03   0.56764328E+00
  0.41750000E+00   0.41674037E+01   0.32404800E+03   0.75644004E+01   0.65705614E+00   0.42202628E+03   0.56568424E+00
  0.41875000E+00   0.41564603E+01   0.32601477E+03   0.75377948E+01   0.66133961E+00   0.42164916E+03   0.56375200E+00
  0.42000000E+00   0.41454086E+01   0.32799245E+03   0.75109504E+01   0.66565267E+00   0.42126764E+03   0.56184666E+00
  0.42125000E+00   0.41342487E+01   0.32998098E+03   0.74838675E+01   0.66999532E+00   0.42088170E+03   0.55996835E+00
  0.42250000E+00   0.41229805E+01   0.33198031E+03   0.74565469E+01   0.67436759E+00   0.42049132E+03   0.55811718E+00
  0.42375000E+00   0.41116038E+01   0.33399036E+03   0.74289892E+01   0.67876946E+00   0.42009647E+03   0.55629328E+00
  0.42500000E+00   0.41001187E+01   0.33601106E+03   0.74011951E+01   0.68320095E+00   0.41969712E+03   0.55449674E+00
  0.42625000E+00   0.40885251E+01   0.33804235E+03   0.73731654E+01   0.68766206E+00   0.41929325E+03   0.55272768E+00
  0.42750000E+00   0.40768232E+01   0.34008415E+03   0.73449012E+01   0.69215275E+00   0.41888484E+03   0.55098621E+00
  0.42875000E+00   0.40650130E+01   0.34213638E+03   0.73164033E+01   0.69667304E+00   0.41847186E+03   0.54927244E+00
  0.43000000E+00   0.40530946E+01   0.34419896E+03   0.72876729E+01   0.70122289E+00   0.41805430E+03   0.54758647E+00
  0.43125000E+00   0.40410682E+01   0.34627180E+03   0.72587113E+01   0.70580227E+00   0.41763213E+03   0.54592841E+00
  0.43250000E+00   0.40289339E+01   0.34835482E+03   0.72295196E+01   0.71041117E+00   0.41720533E+03   0.54429836E+00
  0.43375000E+00   0.40166921E+01   0.35044793E+03   0.72000994E+01   0.71504953E+00   0.41677389E+03   0.54269642E+00
  0.43500000E+00   0.40043429E+01   0.35255103E+03   0.71704520E+01   0.71971733E+00   0.41633779E+03   0.54112269E+00
  0.43625000E+00   0.39918867E+01   0.35466404E+03   0.71405792E+01   0.72441451E+00   0.41589700E+03   0.53957726E+00
  0.43750000E+00   0.39793238E+01   0.35678684E+03   0.71104825E+01   0.72914102E+00   0.41545152E+03   0.53806023E+00
  0.43875000E+00   0.39666545E+01   0.35891934E+03   0.70801638E+01   0.73389680E+00   0.41500133E+03   0.53657170E+00
  0.44000000E+00   0.39538793E+01   0.36106143E+03   0.70496249E+01   0.73868179E+00   0.41454641E+03   0.53511176E+00
  0.44125000E+00   0.39409987E+01   0.36321300E+03   0.70188679E+01   0.74349593E+00   0.41408675E+03   0.53368049E+00
  0.44250000E+00   0.39280131E+01   0.36537394E+03   0.69878948E+01   0.74833913E+00   0.41362235E+03   0.53227798E+00
  0.44375000E+00   0.39149230E+01   0.36754414E+03   0.69567079E+01   0.75321131E+00   0.41315318E+03   0.53090433E+00
  0.44500000E+00   0.39017291E+01   0.36972348E+03   0.69253093E+01   0.75811239E+00   0.41267924E+03   0.52955962E+00
  0.44625000E+00   0.38884320E+01   0.37191183E+03   0.68937016E+01   0.76304228E+00   0.41220052E+03   0.52824392E+00
  0.44750000E+00   0.38750322E+01   0.37410907E+03   0.68618871E+01   0.76800088E+00   0.41171701E+03   0.52695732E+00
  0.44875000E+00   0.38615306E+01   0.37631508E+03   0.68298685E+01   0.77298808E+00   0.41122871E+03   0.52569990E+00
  0.45000000E+00   0.38479277E+01   0.37852973E+03   0.67976485E+01   0.77800377E+00   0.41073560E+03   0.52447174E+00
  0.45125000E+00   0.38342246E+01   0.38075288E+03   0.67652298E+01   0.78304784E+00   0.41023770E+03   0.52327291E+00
  0.45250000E+00   0.38204218E+01   0.38298440E+03   0.67326154E+01   0.78812016E+00   0.40973499E+03   0.52210349E+00
  0.45375000E+00   0.38065204E+01   0.38522415E+03   0.66998083E+01   0.79322062E+00   0.40922747E+03   0.52096355E+00
  0.45500000E+00   0.37925211E+01   0.38747198E+03   0.66668115E+01   0.79834906E+00   0.40871514E+03   0.51985316E+00
  0.45625000E+00   0.37784251E+01   0.38972776E+03   0.66336283E+01   0.80350536E+00   0.40819800E+03   0.51877238E+00
  0.45750000E+00   0.37642331E+01   0.39199133E+03   0.66002619E+01   0.80868937E+00   0.40767607E+03   0.51772129E+00
  0.45875000E+00   0.37499463E+01   0.39426255E+03   0.65667157E+01   0.81390093E+00   0.40714932E+03   0.51669995E+00
  0.46000000E+00   0.37355658E+01   0.39654126E+03   0.65329932E+01   0.81913990E+00   0.40661779E+03   0.51570842E+00
  0.46125000E+00   0.37210926E+01   0.39882731E+03   0.64990980E+01   0.82440609E+00   0.40608146E+03   0.51474676E+00
  0.46250000E+00   0.37065279E+01   0.40112055E+03   0.64650338E+01   0.82969935E+00   0.40554035E+03   0.51381504E+00
  0.46375000E+00   0.36918730E+01   0.40342080E+03   0.64308042E+01   0.83501949E+00   0.40499447E+03   0.51291331E+00
  0.46500000E+00   0.36771289E+01   0.40572791E+03   0.63964132E+01   0.84036635E+00   0.40444383E+03   0.51204162E+00
  0.46625000E+00   0.36622971E+01   0.40804170E+03   0.63618647E+01   0.84573971E+00   0.40388843E+03   0.51120003E+00
  0.46750000E+00   0.36473788E+01   0.41036203E+03   0.63271628E+01   0.85113941E+00   0.40332830E+03   0.51038859E+00
  0.46875000E+00   0.36323754E+01   0.41268870E+03   0.62923115E+01   0.85656522E+00   0.40276345E+03   0.50960736E+00
  0.47000000E+00   0.36172883E+01   0.41502156E+03   0.62573151E+01   0.86201696E+00   0.40219388E+03   0.50885637E+00
  0.47125000E+00   0.36021188E+01   0.41736042E+03   0.62221778E+01   0.86749440E+00   0.40161963E+03   0.50813569E+00
  0.47250000E+00   0.35868686E+01   0.41970512E+03   0.61869039E+01   0.87299732E+00   0.40104071E+03   0.50744534E+00
  0.47375000E+00   0.35715391E+01   0.42205546E+03   0.61514980E+01   0.87852552E+00   0.40045714E+03   0.50678537E+00
  0.47500000E+00   0.35561318E+01   0.42441127E+03   0.61159646E+01   0.88407874E+00   0.39986894E+03   0.50615583E+00
  0.47625000E+00   0.35406484E+01   0.42677236E+03   0.60803082E+01   0.88965678E+00   0.39927613E+03   0.50555675E+00
  0.47750000E+00   0.35250904E+01   0.42913856E+03   0.60445334E+01   0.89525937E+00   0.39867875E+03   0.50498817E+00
  0.47875000E+00   0.35094595E+01   0.43150967E+03   0.60086451E+01   0.90088628E+00   0.39807681E+03   0.50445013E+00
  0.48000000E+00   0.34937574E+01   0.43388550E+03   0.59726480E+01   0.90653725E+00   0.39747035E+03   0.50394265E+00
  0.48125000E+00   0.34779858E+01   0.43626587E+03   0.59365469E+01   0.91221203E+00   0.39685939E+03   0.50346577E+00
  0.48250000E+00   0.34621465E+01   0.43865059E+03   0.59003468E+01   0.91791035E+00   0.39624396E+03   0.50301952E+00
  0.48375000E+00   0.34462413E+01   0.44103945E+03   0.58640526E+01   0.92363195E+00   0.39562409E+03   0.50260393E+00
  0.48500000E+00   0.34302720E+01   0.44343226E+03   0.58276694E+01   0.92937655E+00   0.39499983E+03   0.50221902E+00
  0.48625000E+00   0.34142404E+01   0.44582884E+03   0.57912023E+01   0.93514388E+00   0.39437120E+03   0.50186481E+00
  0.48750000E+00   0.33981484E+01   0.44822897E+03   0.57546563E+01   0.94093366E+00   0.39373824E+03   0.50154133E+00
  0.48875000E+00   0.33819980E+01   0.45063246E+03   0.57180366E+01   0.94674558E+00   0.39310099E+03   0.50124860E+00
  0.49000000E+00   0.33657910E+01   0.45303912E+03   0.56813484E+01   0.95257937E+00   0.39245949E+03   0.50098664E+00
  0.49125000E+00   0.33495295E+01   0.45544874E+03   0.56445970E+01   0.95843473E+00   0.39181377E+03   0.50075545E+00
  0.49250000E+00   0.33332153E+01   0.45786112E+03   0.56077877E+01   0.96431134E+00   0.39116388E+03   0.50055506E+00
  0.49375000E+00   0.33168506E+01   0.46027606E+03   0.55709257E+01   0.97020891E+00   0.39050987E+03   0.50038548E+00
  0.49500000E+00   0.33004374E+01   0.46269334E+03   0.55340166E+01   0.97612710E+00   0.38985177E+03   0.50024672E+00
  0.49625000E+00   0.32839776E+01   0.46511278E+03   0.54970653E+01   0.98206566E+00   0.38918963E+03   0.50013878E+00
  0.49750000E+00   0.32674735E+01   0.46753416E+03   0.54600776E+01   0.98802419E+00   0.38852351E+03   0.50006168E+00
  0.49875000E+00   0.32509270E+01   0.46995729E+03   0.54230587E+01   0.99400242E+00   0.38785344E+03   0.50001542E+00
  0.50000000E+00   0.32344110E+01   0.47237162E+03   0.53861719E+01   0.99997441E+00   0.38718237E+03   0.50000000E+00
  0.50125000E+00   0.32177154E+01   0.47480793E+03   0.53489492E+01   0.10060166E+01   0.38650169E+03   0.50001542E+00
  0.50250000E+00   0.32010547E+01   0.47723504E+03   0.53118694E+01   0.10120519E+01   0.38582010E+03   0.50006168E+00
  0.50375000E+00   0.31843602E+01   0.47966306E+03   0.52747803E+01   0.10181055E+01   0.38513479E+03   0.50013878E+00
  0.50500000E+00   0.31676341E+01   0.48209180E+03   0.52376871E+01   0.10241771E+01   0.38444578E+03   0.50024672E+00
  0.50625000E+00   0.31508786E+01   0.48452103E+03   0.52005955E+01   0.10302664E+01   0.38375316E+03   0.50038548E+00
  0.50750000E+00   0.31340958E+01   0.48695056E+03   0.51635107E+01   0.10363729E+01   0.38305697E+03   0.50055506E+00
  0.50875000E+00   0.31172880E+01   0.48938019E+03   0.51264382E+01   0.10424965E+01   0.38235727E+03   0.50075545E+00
  0.51000000E+00   0.31004574E+01   0.49180971E+03   0.50893834E+01   0.10486366E+01   0.38165412E+03   0.50098664E+00
  0.51125000E+00   0.30836061E+01   0.49423890E+03   0.50523516E+01   0.10547929E+01   0.38094759E+03   0.50124860E+00
  0.51250000E+00   0.30667365E+01   0.49666758E+03   0.50153483E+01   0.10609651E+01   0.38023772E+03   0.50154133E+00
  0.51375000E+00   0.30498507E+01   0.49909553E+03   0.49783788E+01   0.10671528E+01   0.37952459E+03   0.50186481E+00
  0.51500000E+00   0.30329509E+01   0.50152255E+03   0.49414483E+01   0.10733556E+01   0.37880825E+03   0.50221902E+00
  0.51625000E+00   0.30160395E+01   0.50394843E+03   0.49045622E+01   0.10795732E+01   0.37808878E+03   0.50260393E+00
  0.51750000E+00   0.29991185E+01   0.50637299E+03   0.48677257E+01   0.10858051E+01   0.37736623E+03   0.50301952E+00
  0.51875000E+00   0.29821903E+01   0.50879601E+03   0.48309441E+01   0.10920511E+01   0.37664067E+03   0.50346577E+00
  0.52000000E+00   0.29652570E+01   0.51121731E+03   0.47942224E+01   0.10983107E+01   0.37591218E+03   0.50394265E+00
  0.52125000E+00   0.29483209E+01   0.51363667E+03   0.47575658E+01   0.11045836E+01   0.37518081E+03   0.50445013E+00
  0.52250000E+00   0.29313841E+01   0.51605390E+03   0.47209793E+01   0.11108693E+01   0.37444663E+03   0.50498817E+00
  0.52375000E+00   0.29144489E+01   0.51846881E+03   0.46844681E+01   0.11171676E+01   0.37370972E+03   0.50555675E+00
  0.52500000E+00   0.28975175E+01   0.52088120E+03   0.46480370E+01   0.11234779E+01   0.37297014E+03   0.50615583E+00
  0.52625000E+00   0.28805920E+01   0.52329089E+03   0.46116910E+01   0.11298000E+01   0.37222797E+03   0.50678537E+00
  0.52750000E+00   0.28636747E+01   0.52569767E+03   0.45754349E+01   0.11361333E+01   0.37148326E+03   0.50744534E+00
  0.52875000E+00   0.28467676E+01   0.52810136E+03   0.45392735E+01   0.11424777E+01   0.37073611E+03   0.50813569E+00
  0.53000000E+00   0.28298730E+01   0.53050177E+03   0.45032116E+01   0.11488326E+01   0.36998657E+03   0.50885637E+00
  0.53125000E+00   0.28129929E+01   0.53289871E+03   0.44672537E+01   0.11551976E+01   0.36923473E+03   0.50960736E+00
  0.53250000E+00   0.27961295E+01   0.53529200E+03   0.44314046E+01   0.11615724E+01   0.36848064E+03   0.51038859E+00
  0.53375000E+00   0.27792849E+01   0.53768146E+03   0.43956687E+01   0.11679566E+01   0.36772440E+03   0.51120003E+00
  0.53500000E+00   0.27624611E+01   0.54006691E+03   0.43600504E+01   0.11743498E+01   0.36696606E+03   0.51204162E+00
  0.53625000E+00   0.27456602E+01   0.54244816E+03   0.43245542E+01   0.11807517E+01   0.36620571E+03   0.51291331E+00
  0.53750000E+00   0.27288843E+01   0.54482504E+03   0.42891843E+01   0.11871617E+01   0.36544342E+03   0.51381504E+00
  0.53875000E+00   0.27121354E+01   0.54719738E+03   0.42539450E+01   0.11935795E+01   0.36467926E+03   0.51474676E+00
  0.54000000E+00   0.26954154E+01   0.54956500E+03   0.42188404E+01   0.12000048E+01   0.36391331E+03   0.51570842E+00
  0.54125000E+00   0.26787264E+01   0.55192773E+03   0.41838745E+01   0.12064371E+01   0.36314565E+03   0.51669995E+00
  0.54250000E+00   0.26620703E+01   0.55428541E+03   0.41490513E+01   0.12128760E+01   0.36237634E+03   0.51772129E+00
  0.54375000E+00   0.26454491E+01   0.55663787E+03   0.41143747E+01   0.12193212E+01   0.36160548E+03   0.51877238E+00
  0.54500000E+00   0.26288645E+01   0.55898494E+03   0.40798485E+01   0.12257723E+01   0.36083312E+03   0.51985316E+00
  0.54625000E+00   0.26123186E+01   0.56132647E+03   0.40454763E+01   0.12322288E+01   0.36005935E+03   0.52096355E+00
  0.54750000E+00   0.25958131E+01   0.56366230E+03   0.40112619E+01   0.12386904E+01   0.35928424E+03   0.52210349E+00
  0.54875000E+00   0.25793498E+01   0.56599226E+03   0.39772087E+01   0.12451568E+01   0.35850786E+03   0.52327291E+00
  0.55000000E+00   0.25629307E+01   0.56831622E+03   0.39433201E+01   0.12516274E+01   0.35773030E+03   0.52447174E+00
  0.55125000E+00   0.25465573E+01   0.57063401E+03   0.39095995E+01   0.12581020E+01   0.35695163E+03   0.52569990E+00
  0.55250000E+00   0.25302315E+01   0.57294548E+03   0.38760501E+01   0.12645801E+01   0.35617193E+03   0.52695732E+00
  0.55375000E+00   0.25139549E+01   0.57525050E+03   0.38426752E+01   0.12710614E+01   0.35539126E+03   0.52824392E+00
  0.55500000E+00   0.24977293E+01   0.57754892E+03   0.38094776E+01   0.12775454E+01   0.35460971E+03   0.52955962E+00
  0.55625000E+00   0.24815561E+01   0.57984060E+03   0.37764605E+01   0.12840319E+01   0.35382735E+03   0.53090433E+00
  0.55750000E+00   0.24654372E+01   0.58212541E+03   0.37436266E+01   0.12905204E+01   0.35304425E+03   0.53227798E+00
  0.55875000E+00   0.24493739E+01   0.58440319E+03   0.37109787E+01   0.12970105E+01   0.35226049E+03   0.53368049E+00
  0.56000000E+00   0.24333679E+01   0.58667384E+03   0.36785196E+01   0.13035019E+01   0.35147614E+03   0.53511176E+00
  0.56125000E+00   0.24174207E+01   0.58893721E+03   0.36462517E+01   0.13099943E+01   0.35069128E+03   0.53657170E+00
  0.56250000E+00   0.24015337E+01   0.59119318E+03   0.36141776E+01   0.13164871E+01   0.34990597E+03   0.53806023E+00
  0.56375000E+00   0.23857084E+01   0.59344162E+03   0.35822996E+01   0.13229802E+01   0.34912030E+03   0.53957726E+00
  0.56500000E+00   0.23699461E+01   0.59568242E+03   0.35506200E+01   0.13294730E+01   0.34833433E+03   0.54112269E+00
  0.56625000E+00   0.23542483E+01   0.59791545E+03   0.35191411E+01   0.13359653E+01   0.34754814E+03   0.54269642E+00
  0.56750000E+00   0.23386162E+01   0.60014061E+03   0.34878648E+01   0.13424567E+01   0.34676180E+03   0.54429836E+00
  0.56875000E+00   0.23230512E+01   0.60235778E+03   0.34567933E+01   0.13489468E+01   0.34597537E+03   0.54592841E+00
  0.57000000E+00   0.23075545E+01   0.60456684E+03   0.34259283E+01   0.13554352E+01   0.34518894E+03   0.54758647E+00
  0.57125000E+00   0.22921273E+01   0.60676770E+03   0.33952718E+01   0.13619217E+01   0.34440256E+03   0.54927244E+00
  0.57250000E+00   0.22767709E+01   0.60896025E+03   0.33648254E+01   0.13684059E+01   0.34361631E+03   0.55098621E+00
  0.57375000E+00   0.22614863E+01   0.61114438E+03   0.33345908E+01   0.13748874E+01   0.34283026E+03   0.55272768E+00
  0.57500000E+00   0.22462747E+01   0.61332000E+03   0.33045695E+01   0.13813659E+01   0.34204447E+03   0.55449674E+00
  0.57625000E+00   0.22311373E+01   0.61548702E+03   0.32747630E+01   0.13878410E+01   0.34125902E+03   0.55629328E+00
  0.57750000E+00   0.22160749E+01   0.61764533E+03   0.32451725E+01   0.13943124E+01   0.34047397E+03   0.55811718E+00
  0.57875000E+00   0.22010887E+01   0.61979486E+03   0.32157994E+01   0.14007798E+01   0.33968938E+03   0.55996835E+00
  0.58000000E+00   0.21861796E+01   0.62193552E+03   0.31866449E+01   0.14072428E+01   0.33890532E+03   0.56184666E+00
  0.58125000E+00   0.21713485E+01   0.62406721E+03   0.31577099E+01   0.14137012E+01   0.33812186E+03   0.56375200E+00
  0.58250000E+00   0.21565965E+01   0.62618986E+03   0.31289956E+01   0.14201545E+01   0.33733905E+03   0.56568424E+00
  0.58375000E+00   0.21419242E+01   0.62830339E+03   0.31005028E+01   0.14266025E+01   0.33655697E+03   0.56764328E+00
  0.58500000E+00   0.21273326E+01   0.63040772E+03   0.30722324E+01   0.14330449E+01   0.33577568E+03   0.56962899E+00
  0.58625000E+00   0.21128224E+01   0.63250279E+03   0.30441852E+01   0.14394812E+01   0.33499523E+03   0.57164124E+00
  0.58750000E+00   0.20983945E+01   0.63458851E+03   0.30163617E+01   0.14459114E+01   0.33421569E+03   0.57367992E+00
  0.58875000E+00   0.20840496E+01   0.63666482E+03   0.29887627E+01   0.14523349E+01   0.33343711E+03   0.57574489E+00
  0.59000000E+00   0.20697883E+01   0.63873166E+03   0.29613885E+01   0.14587515E+01   0.33265957E+03   0.57783604E+00
  0.59125000E+00   0.20556113E+01   0.64078897E+03   0.29342397E+01   0.14651609E+01   0.33188310E+03   0.57995322E+00
  0.59250000E+00   0.20415193E+01   0.64283668E+03   0.29073166E+01   0.14715629E+01   0.33110778E+03   0.58209632E+00
  0.59375000E+00   0.20275129E+01   0.64487473E+03   0.28806195E+01   0.14779571E+01   0.33033366E+03   0.58426519E+00
  0.59500000E+00   0.20135926E+01   0.64690307E+03   0.28541487E+01   0.14843432E+01   0.32956080E+03   0.58645971E+00
  0.59625000E+00   0.19997589E+01   0.64892165E+03   0.28279042E+01   0.14907209E+01   0.32878924E+03   0.58867974E+00
  0.59750000E+00   0.19860124E+01   0.65093042E+03   0.28018861E+01   0.14970900E+01   0.32801905E+03   0.59092514E+00
  0.59875000E+00   0.19723536E+01   0.65292933E+03   0.27760944E+01   0.15034502E+01   0.32725028E+03   0.59319578E+00
  0.60000000E+00   0.19587828E+01   0.65491833E+03   0.27505292E+01   0.15098012E+01   0.32648297E+03   0.59549150E+00
  0.60125000E+00   0.19453005E+01   0.65689739E+03   0.27251902E+01   0.15161427E+01   0.32571719E+03   0.59781218E+00
  0.60250000E+00   0.19319071E+01   0.65886646E+03   0.27000773E+01   0.15224745E+01   0.32495298E+03   0.60015767E+00
  0.60375000E+00   0.19186029E+01   0.66082551E+03   0.26751902E+01   0.15287963E+01   0.32419039E+03   0.60252782E+00
  0.60500000E+00   0.19053882E+01   0.66277449E+03   0.26505287E+01   0.15351078E+01   0.32342947E+03   0.60492249E+00
  0.60625000E+00   0.18922634E+01   0.66471337E+03   0.26260923E+01   0.15414088E+01   0.32267026E+03   0.60734153E+00
  0.60750000E+00   0.18792287E+01   0.66664214E+03   0.26018806E+01   0.15476990E+01   0.32191283E+03   0.60978480E+00
  0.60875000E+00   0.18662844E+01   0.66856074E+03   0.25778932E+01   0.15539782E+01   0.32115720E+03   0.61225213E+00
  0.61000000E+00   0.18534306E+01   0.67046916E+03   0.25541296E+01   0.15602461E+01   0.32040343E+03   0.61474338E+00
  0.61125000E+00   0.18406676E+01   0.67236738E+03   0.25305890E+01   0.15665025E+01   0.31965156E+03   0.61725839E+00
  0.61250000E+00   0.18279954E+01   0.67425537E+03   0.25072710E+01   0.15727472E+01   0.31890163E+03   0.61979702E+00
  0.61375000E+00   0.18154143E+01   0.67613310E+03   0.24841748E+01   0.15789799E+01   0.31815369E+03   0.62235909E+00
  0.61500000E+00   0.18029244E+01   0.67800057E+03   0.24612998E+01   0.15852004E+01   0.31740777E+03   0.62494447E+00
  0.61625000E+00   0.17905257E+01   0.67985775E+03   0.24386450E+01   0.15914084E+01   0.31666392E+03   0.62755297E+00
  0.61750000E+00   0.17782183E+01   0.68170464E+03   0.24162098E+01   0.15976037E+01   0.31592218E+03   0.63018445E+00
  0.61875000E+00   0.17660022E+01   0.68354120E+03   0.23939931E+01   0.16037862E+01   0.31518259E+03   0.63283875E+00
  0.62000000E+00   0.17538775E+01   0.68536745E+03   0.23719943E+01   0.16099555E+01   0.31444518E+03   0.63551569E+00
  0.62125000E+00   0.17418441E+01   0.68718336E+03   0.23502122E+01   0.16161116E+01   0.31371000E+03   0.63821511E+00
  0.62250000E+00   0.17299020E+01   0.68898894E+03   0.23286460E+01   0.16222541E+01   0.31297707E+03   0.64093685E+00
  0.62375000E+00   0.17180512E+01   0.69078416E+03   0.23072945E+01   0.16283828E+01   0.31224643E+03   0.64368074E+00
  0.62500000E+00   0.17062916E+01   0.69256904E+03   0.22861568E+01   0.16344976E+01   0.31151812E+03   0.64644661E+00
  0.62625000E+00   0.16946231E+01   0.69434357E+03   0.22652318E+01   0.16405983E+01   0.31079217E+03   0.64923429E+00
  0.62750000E+00   0.16830457E+01   0.69610774E+03   0.22445183E+01   0.16466847E+01   0.31006861E+03   0.65204360E+00
  0.62875000E+00   0.16715590E+01   0.69786157E+03   0.22240152E+01   0.16527565E+01   0.30934748E+03   0.65487438E+00
  0.63000000E+00   0.16601631E+01   0.69960505E+03   0.22037213E+01   0.16588136E+01   0.30862881E+03   0.65772645E+00
  0.63125000E+00   0.16488578E+01   0.70133818E+03   0.21836354E+01   0.16648558E+01   0.30791262E+03   0.66059963E+00
  0.63250000E+00   0.16376428E+01   0.70306098E+03   0.21637563E+01   0.16708829E+01   0.30719895E+03   0.66349374E+00
  0.63375000E+00   0.16265180E+01   0.70477344E+03   0.21440826E+01   0.16768947E+01   0.30648782E+03   0.66640862E+00
  0.63500000E+00   0.16154831E+01   0.70647559E+03   0.21246133E+01   0.16828912E+01   0.30577926E+03   0.66934407E+00
  0.63625000E+00   0.16045380E+01   0.70816742E+03   0.21053468E+01   0.16888719E+01   0.30507330E+03   0.67229991E+00
  0.63750000E+00   0.15936823E+01   0.70984896E+03   0.20862819E+01   0.16948370E+01   0.30436997E+03   0.67527598E+00
  0.63875000E+00   0.15829159E+01   0.71152020E+03   0.20674173E+01   0.17007860E+01   0.30366928E+03   0.67827207E+00
  0.64000000E+00   0.15722383E+01   0.71318118E+03   0.20487515E+01   0.17067190E+01   0.30297127E+03   0.68128801E+00
  0.64125000E+00   0.15616495E+01   0.71483189E+03   0.20302832E+01   0.17126357E+01   0.30227596E+03   0.68432360E+00
  0.64250000E+00   0.15511489E+01   0.71647237E+03   0.20120109E+01   0.17185360E+01   0.30158337E+03   0.68737867E+00
  0.64375000E+00   0.15407364E+01   0.71810262E+03   0.19939333E+01   0.17244197E+01   0.30089352E+03   0.69045303E+00
  0.64500000E+00   0.15304116E+01   0.71972267E+03   0.19760489E+01   0.17302867E+01   0.30020644E+03   0.69354647E+00
  0.64625000E+00   0.15201741E+01   0.72133254E+03   0.19583563E+01   0.17361368E+01   0.29952214E+03   0.69665882E+00
  0.64750000E+00   0.15100236E+01   0.72293224E+03   0.19408540E+01   0.17419699E+01   0.29884065E+03   0.69978989E+00
  0.64875000E+00   0.14999598E+01   0.72452180E+03   0.19235404E+01   0.17477858E+01   0.29816198E+03   0.70293947E+00
  0.65000000E+00   0.14899822E+01   0.72610125E+03   0.19064142E+01   0.17535844E+01   0.29748616E+03   0.70610737E+00
  0.65125000E+00   0.14800904E+01   0.72767060E+03   0.18894739E+01   0.17593656E+01   0.29681320E+03   0.70929341E+00
  0.65250000E+00   0.14702841E+01   0.72922989E+03   0.18727178E+01   0.17651293E+01   0.29614311E+03   0.71249737E+00
  0.65375000E+00   0.14605629E+01   0.73077913E+03   0.18561446E+01   0.17708753E+01   0.29547592E+03   0.71571907E+00
  0.65500000E+00   0.14509263E+01   0.73231836E+03   0.18397526E+01   0.17766034E+01   0.29481164E+03   0.71895831E+00
  0.65625000E+00   0.14413740E+01   0.73384760E+03   0.18235404E+01   0.17823136E+01   0.29415029E+03   0.72221488E+00
  0.65750000E+00   0.14319054E+01   0.73536689E+03   0.18075065E+01   0.17880057E+01   0.29349187E+03   0.72548859E+00
  0.65875000E+00   0.14225202E+01   0.73687624E+03   0.17916492E+01   0.17936797E+01   0.29283641E+03   0.72877923E+00
  0.66000000E+00   0.14132179E+01   0.73837570E+03   0.17759670E+01   0.17993354E+01   0.29218392E+03   0.73208660E+00
  0.66125000E+00   0.14039981E+01   0.73986530E+03   0.17604584E+01   0.18049727E+01   0.29153441E+03   0.73541050E+00
  0.66250000E+00   0.13948602E+01   0.74134505E+03   0.17451219E+01   0.18105914E+01   0.29088789E+03   0.73875072E+00
  0.66375000E+00   0.13858039E+01   0.74281501E+03   0.17299558E+01   0.18161915E+01   0.29024437E+03   0.74210705E+00
  0.66500000E+00   0.13768286E+01   0.74427520E+03   0.17149587E+01   0.18217729E+01   0.28960387E+03   0.74547929E+00
  0.66625000E+00   0.13679338E+01   0.74572565E+03   0.17001289E+01   0.18273355E+01   0.28896639E+03   0.74886723E+00
  0.66750000E+00   0.13591192E+01   0.74716641E+03   0.16854650E+01   0.18328792E+01   0.28833195E+03   0.75227067E+00
  0.66875000E+00   0.13503841E+01   0.74859749E+03   0.16709653E+01   0.18384038E+01   0.28770055E+03   0.75568938E+00
  0.67000000E+00   0.13417281E+01   0.75001895E+03   0.16566284E+01   0.18439093E+01   0.28707220E+03   0.75912316E+00
  0.67125000E+00   0.13331507E+01   0.75143082E+03   0.16424526E+01   0.18493956E+01   0.28644691E+03   0.76257181E+00
  0.67250000E+00   0.13246514E+01   0.75283313E+03   0.16284364E+01   0.18548625E+01   0.28582470E+03   0.76603509E+00
  0.67375000E+00   0.13162297E+01   0.75422592E+03   0.16145783E+01   0.18603101E+01   0.28520555E+03   0.76951281E+00
  0.67500000E+00   0.13078851E+01   0.75560923E+03   0.16008767E+01   0.18657382E+01   0.28458949E+03   0.77300475E+00
  0.67625000E+00   0.12996170E+01   0.75698310E+03   0.15873301E+01   0.18711467E+01   0.28397652E+03   0.77651069E+00
  0.67750000E+00   0.12914249E+01   0.75834756E+03   0.15739369E+01   0.18765356E+01   0.28336664E+03   0.78003042E+00
  0.67875000E+00   0.12833084E+01   0.75970266E+03   0.15606957E+01   0.18819048E+01   0.28275986E+03   0.78356371E+00
  0.68000000E+00   0.12752669E+01   0.76104843E+03   0.15476049E+01   0.18872542E+01   0.28215618E+03   0.78711035E+00
  0.68125000E+00   0.12672998E+01   0.76238492E+03   0.15346629E+01   0.18925837E+01   0.28155561E+03   0.79067013E+00
  0.68250000E+00   0.12594067E+01   0.76371217E+03   0.15218683E+01   0.18978932E+01   0.28095815E+03   0.79424282E+00
  0.68375000E+00   0.12515870E+01   0.76503020E+03   0.15092196E+01   0.19031827E+01   0.28036381E+03   0.79782820E+00
  0.68500000E+00   0.12438401E+01   0.76633908E+03   0.14967152E+01   0.19084522E+01   0.27977258E+03   0.80142605E+00
  0.68625000E+00   0.12361657E+01   0.76763883E+03   0.14843537E+01   0.19137014E+01   0.27918448E+03   0.80503616E+00
  0.68750000E+00   0.12285630E+01   0.76892951E+03   0.14721335E+01   0.19189305E+01   0.27859950E+03   0.80865828E+00
  0.68875000E+00   0.12210316E+01   0.77021114E+03   0.14600533E+01   0.19241393E+01   0.27801764E+03   0.81229221E+00
  0.69000000E+00   0.12135710E+01   0.77148378E+03   0.14481115E+01   0.19293277E+01   0.27743891E+03   0.81593772E+00
  0.69125000E+00   0.12061806E+01   0.77274746E+03   0.14363066E+01   0.19344957E+01   0.27686330E+03   0.81959459E+00
  0.69250000E+00   0.11988598E+01   0.77400223E+03   0.14246373E+01   0.19396433E+01   0.27629082E+03   0.82326258E+00
  0.69375000E+00   0.11916082E+01   0.77524813E+03   0.14131021E+01   0.19447703E+01   0.27572147E+03   0.82694147E+00
  0.69500000E+00   0.11844253E+01   0.77648520E+03   0.14016995E+01   0.19498767E+01   0.27515525E+03   0.83063104E+00
  0.69625000E+00   0.11773103E+01   0.77771349E+03   0.13904281E+01   0.19549626E+01   0.27459216E+03   0.83433106E+00
  0.69750000E+00   0.11702629E+01   0.77893304E+03   0.13792865E+01   0.19600277E+01   0.27403219E+03   0.83804129E+00
  0.69875000E+00   0.11632826E+01   0.78014389E+03   0.13682733E+01   0.19650722E+01   0.27347534E+03   0.84176152E+00
  0.70000000E+00   0.11563686E+01   0.78134609E+03   0.13573870E+01   0.19700958E+01   0.27292162E+03   0.84549150E+00
  0.70125000E+00   0.11495207E+01   0.78253968E+03   0.13466264E+01   0.19750987E+01   0.27237103E+03   0.84923102E+00
  0.70250000E+00   0.11427381E+01   0.78372470E+03   0.13359900E+01   0.19800806E+01   0.27182355E+03   0.85297984E+00
  0.70375000E+00   0.11360204E+01   0.78490120E+03   0.13254765E+01   0.19850417E+01   0.27127919E+03   0.85673772E+00
  0.70500000E+00   0.11293670E+01   0.78606921E+03   0.13150845E+01   0.19899818E+01   0.27073795E+03   0.86050445E+00
  0.70625000E+00   0.11227774E+01   0.78722880E+03   0.13048127E+01   0.19949009E+01   0.27019982E+03   0.86427978E+00
  0.70750000E+00   0.11162512E+01   0.78837999E+03   0.12946597E+01   0.19997990E+01   0.26966480E+03   0.86806348E+00
  0.70875000E+00   0.11097876E+01   0.78952283E+03   0.12846242E+01   0.20046760E+01   0.26913288E+03   0.87185531E+00
  0.71000000E+00   0.11033864E+01   0.79065737E+03   0.12747049E+01   0.20095319E+01   0.26860407E+03   0.87565506E+00
  0.71125000E+00   0.10970468E+01   0.79178365E+03   0.12649005E+01   0.20143667E+01   0.26807836E+03   0.87946247E+00
  0.71250000E+00   0.10907684E+01   0.79290172E+03   0.12552097E+01   0.20191803E+01   0.26755574E+03   0.88327732E+00
  0.71375000E+00   0.10845507E+01   0.79401161E+03   0.12456312E+01   0.20239727E+01   0.26703621E+03   0.88709937E+00
  0.71500000E+00   0.10783932E+01   0.79511337E+03   0.12361638E+01   0.20287439E+01   0.26651977E+03   0.89092838E+00
  0.71625000E+00   0.10722953E+01   0.79620705E+03   0.12268062E+01   0.20334938E+01   0.26600641E+03   0.89476412E+00
  0.71750000E+00   0.10662566E+01   0.79729269E+03   0.12175572E+01   0.20382224E+01   0.26549613E+03   0.89860635E+00
  0.71875000E+00   0.10602765E+01   0.79837033E+03   0.12084155E+01   0.20429297E+01   0.26498891E+03   0.90245484E+00
  0.72000000E+00   0.10543545E+01   0.79944002E+03   0.11993799E+01   0.20476156E+01   0.26448477E+03   0.90630934E+00
  0.72125000E+00   0.10484901E+01   0.80050180E+03   0.11904492E+01   0.20522802E+01   0.26398368E+03   0.91016963E+00
  0.72250000E+00   0.10426829E+01   0.80155571E+03   0.11816222E+01   0.20569234E+01   0.26348565E+03   0.91403545E+00
  0.72375000E+00   0.10369323E+01   0.80260180E+03   0.11728978E+01   0.20615451E+01   0.26299066E+03   0.91790658E+00
  0.72500000E+00   0.10312378E+01   0.80364011E+03   0.11642747E+01   0.20661454E+01   0.26249872E+03   0.92178277E+00
  0.72625000E+00   0.10255989E+01   0.80467069E+03   0.11557517E+01   0.20707243E+01   0.26200982E+03   0.92566378E+00
  0.72750000E+00   0.10200152E+01   0.80569357E+03   0.11473278E+01   0.20752817E+01   0.26152394E+03   0.92954938E+00
  0.72875000E+00   0.10144861E+01   0.80670880E+03   0.11390018E+01   0.20798175E+01   0.26104109E+03   0.93343933E+00
  0.73000000E+00   0.10090112E+01   0.80771643E+03   0.11307726E+01   0.20843319E+01   0.26056126E+03   0.93733338E+00
  0.73125000E+00   0.10035900E+01   0.80871649E+03   0.11226390E+01   0.20888247E+01   0.26008443E+03   0.94123130E+00
  0.73250000E+00   0.99822205E+00   0.80970903E+03   0.11146000E+01   0.20932960E+01   0.25961061E+03   0.94513284E+00
  0.73375000E+00   0.99290682E+00   0.81069409E+03   0.11066544E+01   0.20977457E+01   0.25913978E+03   0.94903777E+00
  0.73500000E+00   0.98764385E+00   0.81167172E+03   0.10988012E+01   0.21021739E+01   0.25867194E+03   0.95294584E+00
  0.73625000E+00   0.98243269E+00   0.81264195E+03   0.10910393E+01   0.21065804E+01   0.25820708E+03   0.95685682E+00
  0.73750000E+00   0.97727287E+00   0.81360483E+03   0.10833677E+01   0.21109653E+01   0.25774520E+03   0.96077045E+00
  0.73875000E+00   0.97216392E+00   0.81456040E+03   0.10757852E+01   0.21153287E+01   0.25728628E+03   0.96468651E+00
  0.74000000E+00   0.96710540E+00   0.81550870E+03   0.10682909E+01   0.21196704E+01   0.25683032E+03   0.96860474E+00
  0.74125000E+00   0.96209684E+00   0.81644978E+03   0.10608838E+01   0.21239904E+01   0.25637731E+03   0.97252491E+00
  0.74250000E+00   0.95713780E+00   0.81738367E+03   0.10535628E+01   0.21282889E+01   0.25592724E+03   0.97644677E+00
  0.74375000E+00   0.95222783E+00   0.81831041E+03   0.10463269E+01   0.21325656E+01   0.25548011E+03   0.98037009E+00
  0.74500000E+00   0.94736647E+00   0.81923005E+03   0.10391752E+01   0.21368207E+01   0.25503590E+03   0.98429462E+00
  0.74625000E+00   0.94255330E+00   0.82014263E+03   0.10321067E+01   0.21410542E+01   0.25459462E+03   0.98822012E+00
  0.74750000E+00   0.93778788E+00   0.82104819E+03   0.10251203E+01   0.21452660E+01   0.25415624E+03   0.99214634E+00
  0.74875000E+00   0.93306977E+00   0.82194676E+03   0.10182152E+01   0.21494560E+01   0.25372076E+03   0.99607305E+00
  0.75000000E+00   0.92839854E+00   0.82283840E+03   0.10113903E+01   0.21536245E+01   0.25328817E+03   0.10000000E+01
  0.75125000E+00   0.92377376E+00   0.82372313E+03   0.10046449E+01   0.21577712E+01   0.25285847E+03   0.10039270E+01
  0.75250000E+00   0.91919502E+00   0.82460101E+03   0.99797787E+00   0.21618962E+01   0.25243165E+03   0.10078537E+01
  0.75375000E+00   0.91466188E+00   0.82547206E+03   0.99138838E+00   0.21659995E+01   0.25200769E+03   0.10117799E+01
  0.75500000E+00   0.91017395E+00   0.82633633E+03   0.98487551E+00   0.21700812E+01   0.25158659E+03   0.10157054E+01
  0.75625000E+00   0.90573079E+00   0.82719385E+03   0.97843839E+00   0.21741411E+01   0.25116835E+03   0.10196299E+01
  0.75750000E+00   0.90133202E+00   0.82804468E+03   0.97207612E+00   0.21781793E+01   0.25075294E+03   0.10235532E+01
  0.75875000E+00   0.89697721E+00   0.82888883E+03   0.96578783E+00   0.21821959E+01   0.25034036E+03   0.10274751E+01
  0.76000000E+00   0.89266597E+00   0.82972636E+03   0.95957268E+00   0.21861907E+01   0.24993061E+03   0.10313953E+01
  0.76125000E+00   0.88839790E+00   0.83055730E+03   0.95342980E+00   0.21901638E+01   0.24952368E+03   0.10353135E+01
  0.76250000E+00   0.88417260E+00   0.83138170E+03   0.94735837E+00   0.21941153E+01   0.24911954E+03   0.10392295E+01
  0.76375000E+00   0.87998969E+00   0.83219957E+03   0.94135754E+00   0.21980450E+01   0.24871821E+03   0.10431432E+01
  0.76500000E+00   0.87584878E+00   0.83301098E+03   0.93542651E+00   0.22019530E+01   0.24831966E+03   0.10470542E+01
  0.76625000E+00   0.87174948E+00   0.83381594E+03   0.92956447E+00   0.22058394E+01   0.24792389E+03   0.10509622E+01
  0.76750000E+00   0.86769141E+00   0.83461451E+03   0.92377061E+00   0.22097040E+01   0.24753089E+03   0.10548672E+01
  0.76875000E+00   0.86367420E+00   0.83540671E+03   0.91804416E+00   0.22135470E+01   0.24714065E+03   0.10587687E+01
  0.77000000E+00   0.85969747E+00   0.83619259E+03   0.91238432E+00   0.22173683E+01   0.24675316E+03   0.10626666E+01
  0.77125000E+00   0.85576085E+00   0.83697217E+03   0.90679033E+00   0.22211679E+01   0.24636841E+03   0.10665607E+01
  0.77250000E+00   0.85186399E+00   0.83774550E+03   0.90126144E+00   0.22249458E+01   0.24598640E+03   0.10704506E+01
  0.77375000E+00   0.84800650E+00   0.83851261E+03   0.89579689E+00   0.22287021E+01   0.24560710E+03   0.10743362E+01
  0.77500000E+00   0.84418805E+00   0.83927354E+03   0.89039594E+00   0.22324367E+01   0.24523053E+03   0.10782172E+01
  0.77625000E+00   0.84040826E+00   0.84002832E+03   0.88505786E+00   0.22361496E+01   0.24485665E+03   0.10820934E+01
  0.77750000E+00   0.83666679E+00   0.84077699E+03   0.87978193E+00   0.22398409E+01   0.24448547E+03   0.10859646E+01
  0.77875000E+00   0.83296330E+00   0.84151958E+03   0.87456744E+00   0.22435105E+01   0.24411698E+03   0.10898304E+01
  0.78000000E+00   0.82929743E+00   0.84225613E+03   0.86941368E+00   0.22471585E+01   0.24375117E+03   0.10936907E+01
  0.78125000E+00   0.82566884E+00   0.84298667E+03   0.86431996E+00   0.22507848E+01   0.24338802E+03   0.10975452E+01
  0.78250000E+00   0.82207719E+00   0.84371123E+03   0.85928559E+00   0.22543896E+01   0.24302754E+03   0.11013936E+01
  0.78375000E+00   0.81852216E+00   0.84442986E+03   0.85430989E+00   0.22579727E+01   0.24266970E+03   0.11052359E+01
  0.78500000E+00   0.81500341E+00   0.84514258E+03   0.84939221E+00   0.22615342E+01   0.24231450E+03   0.11090716E+01
  0.78625000E+00   0.81152060E+00   0.84584942E+03   0.84453187E+00   0.22650741E+01   0.24196193E+03   0.11129006E+01
  0.78750000E+00   0.80807343E+00   0.84655043E+03   0.83972822E+00   0.22685924E+01   0.24161199E+03   0.11167227E+01
  0.78875000E+00   0.80466156E+00   0.84724563E+03   0.83498063E+00   0.22720891E+01   0.24126466E+03   0.11205375E+01
  0.79000000E+00   0.80128468E+00   0.84793506E+03   0.83028847E+00   0.22755643E+01   0.24091993E+03   0.11243449E+01
  0.79125000E+00   0.79794247E+00   0.84861874E+03   0.82565109E+00   0.22790179E+01   0.24057779E+03   0.11281447E+01
  0.79250000E+00   0.79463462E+00   0.84929671E+03   0.82106789E+00   0.22824499E+01   0.24023824E+03   0.11319365E+01
  0.79375000E+00   0.79136083E+00   0.84996901E+03   0.81653826E+00   0.22858604E+01   0.23990127E+03   0.11357202E+01
  0.79500000E+00   0.78812078E+00   0.85063566E+03   0.81206159E+00   0.22892493E+01   0.23956686E+03   0.11394956E+01
  0.79625000E+00   0.78491419E+00   0.85129669E+03   0.80763729E+00   0.22926167E+01   0.23923501E+03   0.11432623E+01
  0.79750000E+00   0.78174074E+00   0.85195214E+03   0.80326478E+00   0.22959626E+01   0.23890571E+03   0.11470202E+01
  0.79875000E+00   0.77860015E+00   0.85260204E+03   0.79894347E+00   0.22992870E+01   0.23857895E+03   0.11507690E+01
  0.80000000E+00   0.77549213E+00   0.85324642E+03   0.79467280E+00   0.23025899E+01   0.23825472E+03   0.11545085E+01
  0.80125000E+00   0.77241637E+00   0.85388530E+03   0.79045220E+00   0.23058713E+01   0.23793301E+03   0.11582385E+01
  0.80250000E+00   0.76937261E+00   0.85451872E+03   0.78628112E+00   0.23091312E+01   0.23761381E+03   0.11619587E+01
  0.80375000E+00   0.76636055E+00   0.85514671E+03   0.78215901E+00   0.23123697E+01   0.23729712E+03   0.11656689E+01
  0.80500000E+00   0.76337992E+00   0.85576930E+03   0.77808533E+00   0.23155868E+01   0.23698292E+03   0.11693690E+01
  0.80625000E+00   0.76043044E+00   0.85638652E+03   0.77405954E+00   0.23187823E+01   0.23667121E+03   0.11730585E+01
  0.80750000E+00   0.75751185E+00   0.85699839E+03   0.77008112E+00   0.23219565E+01   0.23636197E+03   0.11767374E+01
  0.80875000E+00   0.75462385E+00   0.85760495E+03   0.76614955E+00   0.23251093E+01   0.23605520E+03   0.11804054E+01
  0.81000000E+00   0.75176620E+00   0.85820622E+03   0.76226432E+00   0.23282406E+01   0.23575090E+03   0.11840623E+01
  0.81125000E+00   0.24795238E+01   0.25940068E+03   0.46193200E+01   0.51917507E+00   0.43315199E+03   0.11877078E+01
  0.81250000E+00   0.24823039E+01   0.25831980E+03   0.46262615E+01   0.51691328E+00   0.43331706E+03   0.11913417E+01
  0.81375000E+00   0.24850370E+01   0.25725355E+03   0.46330882E+01   0.51468335E+00   0.43347921E+03   0.11949638E+01
  0.81500000E+00   0.24877241E+01   0.25620167E+03   0.46398026E+01   0.51248470E+00   0.43363852E+03   0.11985739E+01
  0.81625000E+00   0.24903662E+01   0.25516391E+03   0.46464070E+01   0.51031676E+00   0.43379505E+03   0.12021718E+01
  0.81750000E+00   0.24929642E+01   0.25414004E+03   0.46529035E+01   0.50817898E+00   0.43394886E+03   0.12057572E+01
  0.81875000E+00   0.24955191E+01   0.25312982E+03   0.46592944E+01   0.50607081E+00   0.43410002E+03   0.12093299E+01
  0.82000000E+00   0.24980318E+01   0.25213303E+03   0.46655818E+01   0.50399175E+00   0.43424858E+03   0.12128896E+01
  0.82125000E+00   0.25005030E+01   0.25114946E+03   0.46717677E+01   0.50194128E+00   0.43439459E+03   0.12164363E+01
  0.82250000E+00   0.25029337E+01   0.25017888E+03   0.46778541E+01   0.49991893E+00   0.43453812E+03   0.12199696E+01
  0.82375000E+00   0.25053247E+01   0.24922110E+03   0.46838430E+01   0.49792422E+00   0.43467921E+03   0.12234893E+01
  0.82500000E+00   0.25076767E+01   0.24827591E+03   0.46897361E+01   0.49595668E+00   0.43481791E+03   0.12269952E+01
  0.82625000E+00   0.25099905E+01   0.24734312E+03   0.46955354E+01   0.49401588E+00   0.43495427E+03   0.12304872E+01
  0.82750000E+00   0.25122668E+01   0.24642254E+03   0.47012425E+01   0.49210138E+00   0.43508835E+03   0.12339649E+01
  0.82875000E+00   0.25145064E+01   0.24551399E+03   0.47068593E+01   0.49021276E+00   0.43522019E+03   0.12374282E+01
  0.83000000E+00   0.25167099E+01   0.24461729E+03   0.47123873E+01   0.48834961E+00   0.43534983E+03   0.12408768E+01
  0.83125000E+00   0.25188781E+01   0.24373227E+03   0.47178283E+01   0.48651154E+00   0.43547731E+03   0.12443106E+01
  0.83250000E+00   0.25210116E+01   0.24285875E+03   0.47231838E+01   0.48469816E+00   0.43560269E+03   0.12477293E+01
  0.83375000E+00   0.25231111E+01   0.24199658E+03   0.47284552E+01   0.48290908E+00   0.43572599E+03   0.12511328E+01
  0.83500000E+00   0.25251771E+01   0.24114559E+03   0.47336443E+01   0.48114395E+00   0.43584727E+03   0.12545207E+01
  0.83625000E+00   0.25272103E+01   0.24030562E+03   0.47387523E+01   0.47940242E+00   0.43596655E+03   0.12578929E+01
  0.83750000E+00   0.25292113E+01   0.23947652E+03   0.47437807E+01   0.47768412E+00   0.43608389E+03   0.12612493E+01
  0.83875000E+00   0.25311807E+01   0.23865816E+03   0.47487309E+01   0.47598873E+00   0.43619931E+03   0.12645895E+01
  0.84000000E+00   0.25331189E+01   0.23785037E+03   0.47536042E+01   0.47431592E+00   0.43631284E+03   0.12679134E+01
  0.84125000E+00   0.25350267E+01   0.23705302E+03   0.47584021E+01   0.47266537E+00   0.43642454E+03   0.12712208E+01
  0.84250000E+00   0.25369044E+01   0.23626597E+03   0.47631256E+01   0.47103676E+00   0.43653442E+03   0.12745114E+01
  0.84375000E+00   0.25387526E+01   0.23548909E+03   0.47677761E+01   0.46942980E+00   0.43664253E+03   0.12777851E+01
  0.84500000E+00   0.25405719E+01   0.23472225E+03   0.47723549E+01   0.46784418E+00   0.43674888E+03   0.12810417E+01
  0.84625000E+00   0.25423626E+01   0.23396531E+03   0.47768630E+01   0.46627961E+00   0.43685353E+03   0.12842809E+01
  0.84750000E+00   0.25441254E+01   0.23321816E+03   0.47813017E+01   0.46473582E+00   0.43695649E+03   0.12875026E+01
  0.84875000E+00   0.25458606E+01   0.23248067E+03   0.47856720E+01   0.46321252E+00   0.43705780E+03   0.12907066E+01
  0.85000000E+00   0.25475687E+01   0.23175272E+03   0.47899752E+01   0.46170946E+00   0.43715748E+03   0.12938926E+01
  0.85125000E+00   0.25492502E+01   0.23103421E+03   0.47942122E+01   0.46022636E+00   0.43725556E+03   0.12970605E+01
  0.85250000E+00   0.25509055E+01   0.23032500E+03   0.47983841E+01   0.45876298E+00   0.43735207E+03   0.13002101E+01
  0.85375000E+00   0.25525351E+01   0.22962500E+03   0.48024919E+01   0.45731906E+00   0.43744704E+03   0.13033412E+01
  0.85500000E+00   0.25541392E+01   0.22893409E+03   0.48065367E+01   0.45589436E+00   0.43754049E+03   0.13064535E+01
  0.85625000E+00   0.25557184E+01   0.22825217E+03   0.48105194E+01   0.45448864E+00   0.43763245E+03   0.13095470E+01
  0.85750000E+00   0.25572731E+01   0.22757913E+03   0.48144409E+01   0.45310166E+00   0.43772295E+03   0.13126213E+01
  0.85875000E+00   0.25588035E+01   0.22691488E+03   0.48183023E+01   0.45173321E+00   0.43781200E+03   0.13156764E+01
  0.86000000E+00   0.25603102E+01   0.22625931E+03   0.48221043E+01   0.45038306E+00   0.43789963E+03   0.13187120E+01
  0.86125000E+00   0.25617934E+01   0.22561233E+03   0.48258480E+01   0.44905099E+00   0.43798586E+03   0.13217279E+01
  0.86250000E+00   0.25632535E+01   0.22497384E+03   0.48295341E+01   0.44773680E+00   0.43807072E+03   0.13247240E+01
  0.86375000E+00   0.25646909E+01   0.22434375E+03   0.48331635E+01   0.44644026E+00   0.43815423E+03   0.13277001E+01
  0.86500000E+00   0.25661059E+01   0.22372197E+03   0.48367371E+01   0.44516119E+00   0.43823641E+03   0.13306559E+01
  0.86625000E+00   0.25674989E+01   0.22310842E+03   0.48402556E+01   0.44389938E+00   0.43831728E+03   0.13335914E+01
  0.86750000E+00   0.25688701E+01   0.22250299E+03   0.48437199E+01   0.44265464E+00   0.43839686E+03   0.13365063E+01
  0.86875000E+00   0.25702199E+01   0.22190562E+03   0.48471307E+01   0.44142678E+00   0.43847516E+03   0.13394004E+01
  0.87000000E+00   0.25715487E+01   0.22131621E+03   0.48504888E+01   0.44021561E+00   0.43855222E+03   0.13422736E+01
  0.87125000E+00   0.25728566E+01   0.22073468E+03   0.48537949E+01   0.43902096E+00   0.43862805E+03   0.13451256E+01
  0.87250000E+00   0.25741440E+01   0.22016096E+03   0.48570497E+01   0.43784265E+00   0.43870266E+03   0.13479564E+01
  0.87375000E+00   0.25754112E+01   0.21959497E+03   0.48602540E+01   0.43668049E+00   0.43877608E+03   0.13507657E+01
  0.87500000E+00   0.25766585E+01   0.21903662E+03   0.48634085E+01   0.43553434E+00   0.43884831E+03   0.13535534E+01
  0.87625000E+00   0.25778862E+01   0.21848586E+03   0.48665137E+01   0.43440401E+00   0.43891939E+03   0.13563193E+01
  0.87750000E+00   0.25790945E+01   0.21794259E+03   0.48695705E+01   0.43328934E+00   0.43898933E+03   0.13590631E+01
  0.87875000E+00   0.25802836E+01   0.21740676E+03   0.48725794E+01   0.43219019E+00   0.43905814E+03   0.13617849E+01
  0.88000000E+00   0.25814540E+01   0.21687828E+03   0.48755410E+01   0.43110638E+00   0.43912584E+03   0.13644843E+01
  0.88125000E+00   0.25826057E+01   0.21635710E+03   0.48784561E+01   0.43003778E+00   0.43919244E+03   0.13671613E+01
  0.88250000E+00   0.25837391E+01   0.21584314E+03   0.48813251E+01   0.42898422E+00   0.43925796E+03   0.13698155E+01
  0.88375000E+00   0.25848543E+01   0.21533634E+03   0.48841487E+01   0.42794557E+00   0.43932242E+03   0.13724470E+01
  0.88500000E+00   0.25859517E+01   0.21483664E+03   0.48869275E+01   0.42692167E+00   0.43938582E+03   0.13750555E+01
  0.88625000E+00   0.25870315E+01   0.21434396E+03   0.48896621E+01   0.42591240E+00   0.43944819E+03   0.13776409E+01
  0.88750000E+00   0.25880939E+01   0.21385825E+03   0.48923529E+01   0.42491762E+00   0.43950954E+03   0.13802030E+01
  0.88875000E+00   0.25891390E+01   0.21337945E+03   0.48950005E+01   0.42393718E+00   0.43956988E+03   0.13827416E+01
  0.89000000E+00   0.25901673E+01   0.21290750E+03   0.48976056E+01   0.42297097E+00   0.43962922E+03   0.13852566E+01
  0.89125000E+00   0.25911787E+01   0.21244233E+03   0.49001685E+01   0.42201884E+00   0.43968759E+03   0.13877479E+01
  0.89250000E+00   0.25921736E+01   0.21198390E+03   0.49026898E+01   0.42108068E+00   0.43974498E+03   0.13902152E+01
  0.89375000E+00   0.25931522E+01   0.21153214E+03   0.49051700E+01   0.42015636E+00   0.43980141E+03   0.13926585E+01
  0.89500000E+00   0.25941146E+01   0.21108701E+03   0.49076096E+01   0.41924576E+00   0.43985690E+03   0.13950775E+01
  0.89625000E+00   0.25950610E+01   0.21064844E+03   0.49100091E+01   0.41834876E+00   0.43991146E+03   0.13974722E+01
  0.89750000E+00   0.25959917E+01   0.21021639E+03   0.49123689E+01   0.41746526E+00   0.43996510E+03   0.13998423E+01
  0.89875000E+00   0.25969069E+01   0.20979080E+03   0.49146895E+01   0.41659512E+00   0.44001782E+03   0.14021878E+01
  0.90000000E+00   0.25978066E+01   0.20937162E+03   0.49169713E+01   0.41573825E+00   0.44006965E+03   0.14045085E+01
  0.90125000E+00   0.25986911E+01   0.20895880E+03   0.49192148E+01   0.41489453E+00   0.44012059E+03   0.14068042E+01
  0.90250000E+00   0.25995606E+01   0.20855230E+03   0.49214204E+01   0.41406386E+00   0.44017065E+03   0.14090749E+01
  0.90375000E+00   0.26004152E+01   0.20815207E+03   0.49235886E+01   0.41324613E+00   0.44021984E+03   0.14113203E+01
  0.90500000E+00   0.26012551E+01   0.20775805E+03   0.49257196E+01   0.41244125E+00   0.44026818E+03   0.14135403E+01
  0.90625000E+00   0.26020805E+01   0.20737021E+03   0.49278140E+01   0.41164910E+00   0.44031567E+03   0.14157348E+01
  0.90750000E+00   0.26028914E+01   0.20698850E+03   0.49298721E+01   0.41086960E+00   0.44036233E+03   0.14179037E+01
  0.90875000E+00   0.26036882E+01   0.20661287E+03   0.49318944E+01   0.41010265E+00   0.44040815E+03   0.14200468E+01
  0.91000000E+00   0.26044709E+01   0.20624329E+03   0.49338811E+01   0.40934816E+00   0.44045316E+03   0.14221640E+01
  0.91125000E+00   0.26052396E+01   0.20587971E+03   0.49358326E+01   0.40860602E+00   0.44049736E+03   0.14242551E+01
  0.91250000E+00   0.26059946E+01   0.20552208E+03   0.49377494E+01   0.40787616E+00   0.44054076E+03   0.14263201E+01
  0.91375000E+00   0.26067359E+01   0.20517038E+03   0.49396318E+01   0.40715848E+00   0.44058336E+03   0.14283588E+01
  0.91500000E+00   0.26074638E+01   0.20482455E+03   0.49414800E+01   0.40645291E+00   0.44062519E+03   0.14303710E+01
  0.91625000E+00   0.26081783E+01   0.20448457E+03   0.49432946E+01   0.40575934E+00   0.44066623E+03   0.14323567E+01
  0.91750000E+00   0.26088795E+01   0.20415038E+03   0.49450756E+01   0.40507771E+00   0.44070651E+03   0.14343158E+01
  0.91875000E+00   0.26095677E+01   0.20382197E+03   0.49468236E+01   0.40440793E+00   0.44074603E+03   0.14362480E+01
  0.92000000E+00   0.26102429E+01   0.20349928E+03   0.49485388E+01   0.40374992E+00   0.44078480E+03   0.14381533E+01
  0.92125000E+00   0.26109053E+01   0.20318229E+03   0.49502215E+01   0.40310361E+00   0.44082283E+03   0.14400316E+01
  0.92250000E+00   0.26115549E+01   0.20287096E+03   0.49518721E+01   0.40246892E+00   0.44086012E+03   0.14418828E+01
  0.92375000E+00   0.26121919E+01   0.20256525E+03   0.49534907E+01   0.40184577E+00   0.44089668E+03   0.14437067E+01
  0.92500000E+00   0.26128165E+01   0.20226513E+03   0.49550777E+01   0.40123410E+00   0.44093252E+03   0.14455033E+01
  0.92625000E+00   0.26134286E+01   0.20197057E+03   0.49566335E+01   0.40063383E+00   0.44096764E+03   0.14472723E+01
  0.92750000E+00   0.26140285E+01   0.20168154E+03   0.49581582E+01   0.40004489E+00   0.44100205E+03   0.14490138E+01
  0.92875000E+00   0.26146163E+01   0.20139801E+03   0.49596521E+01   0.39946722E+00   0.44103576E+03   0.14507276E+01
  0.93000000E+00   0.26151920E+01   0.20111994E+03   0.49611155E+01   0.39890076E+00   0.44106878E+03   0.14524135E+01
  0.93125000E+00   0.26157557E+01   0.20084731E+03   0.49625486E+01   0.39834542E+00   0.44110110E+03   0.14540716E+01
  0.93250000E+00   0.26163076E+01   0.20058009E+03   0.49639517E+01   0.39780116E+00   0.44113274E+03   0.14557016E+01
  0.93375000E+00   0.26168478E+01   0.20031824E+03   0.49653251E+01   0.39726792E+00   0.44116371E+03   0.14573036E+01
  0.93500000E+00   0.26173763E+01   0.20006175E+03   0.49666689E+01   0.39674562E+00   0.44119400E+03   0.14588773E+01
  0.93625000E+00   0.26178933E+01   0.19981058E+03   0.49679834E+01   0.39623422E+00   0.44122362E+03   0.14604227E+01
  0.93750000E+00   0.26183988E+01   0.19956470E+03   0.49692689E+01   0.39573365E+00   0.44125259E+03   0.14619398E+01
  0.93875000E+00   0.26188929E+01   0.19932410E+03   0.49705255E+01   0.39524386E+00   0.44128090E+03   0.14634283E+01
  0.94000000E+00   0.26193757E+01   0.19908875E+03   0.49717534E+01   0.39476480E+00   0.44130856E+03   0.14648882E+01
  0.94125000E+00   0.26198473E+01   0.19885861E+03   0.49729530E+01   0.39429641E+00   0.44133557E+03   0.14663195E+01
  0.94250000E+00   0.26203078E+01   0.19863368E+03   0.49741243E+01   0.39383864E+00   0.44136194E+03   0.14677220E+01
  0.94375000E+00   0.26207572E+01   0.19841392E+03   0.49752676E+01   0.39339144E+00   0.44138768E+03   0.14690957E+01
  0.94500000E+00   0.26211957E+01   0.19819931E+03   0.49763830E+01   0.39295476E+00   0.44141279E+03   0.14704404E+01
  0.94625000E+00   0.26216233E+01   0.19798983E+03   0.49774708E+01   0.39252856E+00   0.44143727E+03   0.14717561E+01
  0.94750000E+00   0.26220400E+01   0.19778545E+03   0.49785312E+01   0.39211278E+00   0.44146113E+03   0.14730427E+01
  0.94875000E+00   0.26224461E+01   0.19758617E+03   0.49795642E+01   0.39170738E+00   0.44148437E+03   0.14743001E+01
  0.95000000E+00   0.26228414E+01   0.19739195E+03   0.49805702E+01   0.39131232E+00   0.44150700E+03   0.14755283E+01
  0.95125000E+00   0.26232261E+01   0.19720278E+03   0.49815492E+01   0.39092755E+00   0.44152901E+03   0.14767271E+01
  0.95250000E+00   0.26236003E+01   0.19701863E+03   0.49825014E+01   0.39055304E+00   0.44155043E+03   0.14778965E+01
  0.95375000E+00   0.26239640E+01   0.19683950E+03   0.49834270E+01   0.39018874E+00   0.44157124E+03   0.14790364E+01
  0.95500000E+00   0.26243173E+01   0.19666535E+03   0.49843261E+01   0.38983461E+00   0.44159145E+03   0.14801468E+01
  0.95625000E+00   0.26246603E+01   0.19649617E+03   0.49851989E+01   0.38949062E+00   0.44161107E+03   0.14812276E+01
  0.95750000E+00   0.26249929E+01   0.19633196E+03   0.49860455E+01   0.38915673E+00   0.44163010E+03   0.14822787E+01
  0.95875000E+00   0.26253153E+01   0.19617268E+03   0.49868661E+01   0.38883289E+00   0.44164854E+03   0.14833001E+01
  0.96000000E+00   0.26256275E+01   0.19601832E+03   0.49876608E+01   0.38851909E+00   0.44166640E+03   0.14842916E+01
  0.96125000E+00   0.26259296E+01   0.19586887E+03   0.49884298E+01   0.38821528E+00   0.44168367E+03   0.14852532E+01
  0.96250000E+00   0.26262216E+01   0.19572431E+03   0.49891731E+01   0.38792143E+00   0.44170037E+03   0.14861850E+01
  0.96375000E+00   0.26265035E+01   0.19558463E+03   0.49898908E+01   0.38763751E+00   0.44171649E+03   0.14870867E+01
  0.96500000E+00   0.26267755E+01   0.19544981E+03   0.49905832E+01   0.38736349E+00   0.44173204E+03   0.14879584E+01
  0.96625000E+00   0.26270375E+01   0.19531985E+03   0.49912502E+01   0.38709935E+00   0.44174702E+03   0.14888000E+01
  0.96750000E+00   0.26272896E+01   0.19519472E+03   0.49918921E+01   0.38684505E+00   0.44176144E+03   0.14896114E+01
  0.96875000E+00   0.26275319E+01   0.19507441E+03   0.49925089E+01   0.38660056E+00   0.44177529E+03   0.14903926E+01
  0.97000000E+00   0.26277643E+01   0.19495892E+03   0.49931007E+01   0.38636587E+00   0.44178857E+03   0.14911436E+01
  0.97125000E+00   0.26279870E+01   0.19484823E+03   0.49936677E+01   0.38614094E+00   0.44180130E+03   0.14918643E+01
  0.97250000E+00   0.26281999E+01   0.19474233E+03   0.49942098E+01   0.38592576E+00   0.44181347E+03   0.14925547E+01
  0.97375000E+00   0.26284031E+01   0.19464121E+03   0.49947273E+01   0.38572029E+00   0.44182508E+03   0.14932146E+01
  0.97500000E+00   0.26285966E+01   0.19454486E+03   0.49952201E+01   0.38552453E+00   0.44183614E+03   0.14938442E+01
  0.97625000E+00   0.26287805E+01   0.19445327E+03   0.49956884E+01   0.38533844E+00   0.44184665E+03   0.14944432E+01
  0.97750000E+00   0.26289548E+01   0.19436643E+03   0.49961322E+01   0.38516202E+00   0.44185661E+03   0.14950118E+01
  0.97875000E+00   0.26291195E+01   0.19428433E+03   0.49965516E+01   0.38499523E+00   0.44186603E+03   0.14955499E+01
  0.98000000E+00   0.26292746E+01   0.19420697E+03   0.49969467E+01   0.38483806E+00   0.44187489E+03   0.14960574E+01
  0.98125000E+00   0.26294203E+01   0.19413433E+03   0.49973176E+01   0.38469051E+00   0.44188321E+03   0.14965342E+01
  0.98250000E+00   0.26295564E+01   0.19406641E+03   0.49976642E+01   0.38455254E+00   0.44189099E+03   0.14969805E+01
  0.98375000E+00   0.26296830E+01   0.19400321E+03   0.49979867E+01   0.38442415E+00   0.44189822E+03   0.14973961E+01
  0.98500000E+00   0.26298002E+01   0.19394471E+03   0.49982851E+01   0.38430532E+00   0.44190492E+03   0.14977810E+01
  0.98625000E+00   0.26299079E+01   0.19389091E+03   0.49985594E+01   0.38419605E+00   0.44191107E+03   0.14981352E+01
  0.98750000E+00   0.26300062E+01   0.19384181E+03   0.49988098E+01   0.38409632E+00   0.44191669E+03   0.14984587E+01
  0.98875000E+00   0.26300951E+01   0.19379740E+03   0.49990362E+01   0.38400611E+00   0.44192176E+03   0.14987514E+01
  0.99000000E+00   0.26301746E+01   0.19375768E+03   0.49992386E+01   0.38392543E+00   0.44192631E+03   0.14990134E+01
  0.99125000E+00   0.26302447E+01   0.19372264E+03   0.49994172E+01   0.38385425E+00   0.44193031E+03   0.14992445E+01
  0.99250000E+00   0.26303054E+01   0.19369228E+03   0.49995719E+01   0.38379259E+00   0.44193378E+03   0.14994449E+01
  0.99375000E+00   0.26303568E+01   0.19366659E+03   0.49997027E+01   0.38374042E+00   0.44193672E+03   0.14996145E+01
  0.99500000E+00   0.26303988E+01   0.19364558E+03   0.49998098E+01   0.38369774E+00   0.44193912E+03   0.14997533E+01
  0.99625000E+00   0.26304315E+01   0.19362924E+03   0.49998930E+01   0.38366455E+00   0.44194098E+03   0.14998612E+01
  0.99750000E+00   0.26304548E+01   0.19361756E+03   0.49999525E+01   0.38364085E+00   0.44194232E+03   0.14999383E+01
  0.99875000E+00   0.26304688E+01   0.19361056E+03   0.49999881E+01   0.38362662E+00   0.44194312E+03   0.14999846E+01
  0.10000000E+01   0.26304735E+01   0.19360823E+03   0.50000000E+01   0.38362188E+00   0.44194338E+03   0.15000000E+01
